# energy,bc_sum,bcd_x_sum,bcd_y_sum
-3.000000,-0.000000,-0.000000,-0.000000
-2.993900,-0.000000,-0.000000,-0.000000
-2.987800,-0.000000,-0.000000,-0.000000
-2.981700,-0.000000,-0.000000,-0.000000
-2.975600,-0.000000,-0.000000,-0.000000
-2.969500,-0.000000,-0.000000,-0.000000
-2.963400,-0.000001,-0.000000,-0.000000
-2.957300,-0.000001,-0.000000,-0.000000
-2.951200,-0.000001,-0.000000,-0.000000
-2.945100,-0.000001,-0.000000,-0.000000
-2.939000,-0.000002,-0.000000,-0.000000
-2.932900,-0.000002,-0.000000,-0.000000
-2.926800,-0.000003,-0.000000,-0.000000
-2.920700,-0.000003,-0.000000,-0.000000
-2.914600,-0.000004,-0.000000,-0.000000
-2.908500,-0.000005,-0.000000,-0.000000
-2.902400,-0.000006,-0.000000,-0.000000
-2.896300,-0.000007,-0.000000,-0.000000
-2.890200,-0.000008,-0.000000,-0.000000
-2.884100,-0.000009,-0.000000,-0.000000
-2.878000,-0.000010,-0.000000,-0.000000
-2.871900,-0.000012,-0.000000,-0.000000
-2.865800,-0.000014,-0.000000,-0.000000
-2.859700,-0.000015,-0.000000,-0.000000
-2.853600,-0.000017,-0.000000,-0.000000
-2.847500,-0.000020,-0.000000,-0.000000
-2.841400,-0.000022,-0.000000,-0.000000
-2.835300,-0.000024,-0.000000,-0.000000
-2.829200,-0.000027,-0.000000,-0.000000
-2.823100,-0.000030,-0.000001,-0.000000
-2.817000,-0.000033,-0.000001,-0.000000
-2.810900,-0.000037,-0.000001,-0.000000
-2.804800,-0.000040,-0.000001,-0.000000
-2.798700,-0.000044,-0.000001,-0.000000
-2.792600,-0.000048,-0.000001,-0.000000
-2.786500,-0.000053,-0.000001,-0.000000
-2.780400,-0.000058,-0.000001,-0.000000
-2.774300,-0.000063,-0.000001,-0.000000
-2.768200,-0.000068,-0.000001,-0.000000
-2.762100,-0.000074,-0.000001,-0.000000
-2.756000,-0.000080,-0.000001,-0.000000
-2.749900,-0.000086,-0.000002,-0.000000
-2.743800,-0.000093,-0.000002,-0.000001
-2.737700,-0.000100,-0.000002,-0.000001
-2.731600,-0.000108,-0.000002,-0.000001
-2.725500,-0.000115,-0.000002,-0.000001
-2.719400,-0.000124,-0.000002,-0.000001
-2.713300,-0.000132,-0.000002,-0.000001
-2.707200,-0.000132,-0.000002,-0.000001
-2.701100,-0.000151,-0.000003,-0.000001
-2.695000,-0.000161,-0.000003,-0.000001
-2.688900,-0.000172,-0.000003,-0.000001
-2.682800,-0.000183,-0.000003,-0.000001
-2.676700,-0.000194,-0.000004,-0.000001
-2.670600,-0.000207,-0.000004,-0.000001
-2.664500,-0.000220,-0.000004,-0.000001
-2.658400,-0.000233,-0.000004,-0.000001
-2.652300,-0.000247,-0.000005,-0.000001
-2.646200,-0.000261,-0.000005,-0.000001
-2.640100,-0.000277,-0.000005,-0.000001
-2.634000,-0.000293,-0.000006,-0.000002
-2.627900,-0.000310,-0.000006,-0.000002
-2.621800,-0.000327,-0.000006,-0.000002
-2.615700,-0.000345,-0.000007,-0.000002
-2.609600,-0.000364,-0.000007,-0.000002
-2.603500,-0.000382,-0.000008,-0.000002
-2.597400,-0.000403,-0.000008,-0.000002
-2.591300,-0.000424,-0.000008,-0.000002
-2.585200,-0.000446,-0.000009,-0.000002
-2.579100,-0.000468,-0.000009,-0.000003
-2.573000,-0.000492,-0.000010,-0.000003
-2.566900,-0.000516,-0.000010,-0.000003
-2.560800,-0.000542,-0.000011,-0.000003
-2.554700,-0.000570,-0.000012,-0.000003
-2.548600,-0.000597,-0.000012,-0.000003
-2.542500,-0.000624,-0.000013,-0.000003
-2.536400,-0.000654,-0.000013,-0.000004
-2.530300,-0.000686,-0.000014,-0.000004
-2.524200,-0.000716,-0.000015,-0.000004
-2.518100,-0.000749,-0.000015,-0.000004
-2.512000,-0.000784,-0.000016,-0.000004
-2.505900,-0.000820,-0.000017,-0.000005
-2.499800,-0.000856,-0.000018,-0.000005
-2.493700,-0.000891,-0.000019,-0.000005
-2.487600,-0.000932,-0.000020,-0.000005
-2.481500,-0.000973,-0.000021,-0.000005
-2.475400,-0.001014,-0.000021,-0.000006
-2.469300,-0.001059,-0.000023,-0.000006
-2.463200,-0.001102,-0.000024,-0.000006
-2.457100,-0.001147,-0.000025,-0.000006
-2.451000,-0.001197,-0.000026,-0.000007
-2.444900,-0.001243,-0.000027,-0.000007
-2.438800,-0.001295,-0.000028,-0.000007
-2.432700,-0.001349,-0.000029,-0.000008
-2.426600,-0.001401,-0.000031,-0.000008
-2.420500,-0.001457,-0.000032,-0.000008
-2.414400,-0.001515,-0.000033,-0.000009
-2.408300,-0.001574,-0.000035,-0.000009
-2.402200,-0.001635,-0.000036,-0.000009
-2.396100,-0.001702,-0.000038,-0.000010
-2.390000,-0.001763,-0.000039,-0.000010
-2.383900,-0.001834,-0.000041,-0.000011
-2.377800,-0.001900,-0.000043,-0.000011
-2.371700,-0.001973,-0.000044,-0.000012
-2.365600,-0.002047,-0.000046,-0.000012
-2.359500,-0.002124,-0.000048,-0.000012
-2.353400,-0.002201,-0.000050,-0.000013
-2.347300,-0.002283,-0.000052,-0.000014
-2.341200,-0.002364,-0.000054,-0.000014
-2.335100,-0.002450,-0.000056,-0.000015
-2.329000,-0.002538,-0.000059,-0.000015
-2.322900,-0.002630,-0.000061,-0.000016
-2.316800,-0.002630,-0.000061,-0.000016
-2.310700,-0.002724,-0.000063,-0.000016
-2.304600,-0.002919,-0.000068,-0.000018
-2.298500,-0.003023,-0.000071,-0.000018
-2.292400,-0.003023,-0.000071,-0.000018
-2.286300,-0.003124,-0.000074,-0.000019
-2.280200,-0.003342,-0.000080,-0.000021
-2.274100,-0.003458,-0.000083,-0.000021
-2.268000,-0.003576,-0.000086,-0.000022
-2.261900,-0.003576,-0.000086,-0.000022
-2.255800,-0.003822,-0.000092,-0.000024
-2.249700,-0.003955,-0.000096,-0.000025
-2.243600,-0.004078,-0.000099,-0.000026
-2.237500,-0.004214,-0.000103,-0.000027
-2.231400,-0.004358,-0.000107,-0.000028
-2.225300,-0.004501,-0.000111,-0.000029
-2.219200,-0.004644,-0.000115,-0.000030
-2.213100,-0.004797,-0.000119,-0.000031
-2.207000,-0.004950,-0.000124,-0.000032
-2.200900,-0.005112,-0.000128,-0.000033
-2.194800,-0.005276,-0.000133,-0.000034
-2.188700,-0.005445,-0.000138,-0.000035
-2.182600,-0.005615,-0.000142,-0.000036
-2.176500,-0.005797,-0.000148,-0.000038
-2.170400,-0.005977,-0.000153,-0.000039
-2.164300,-0.006165,-0.000158,-0.000041
-2.158200,-0.006361,-0.000164,-0.000042
-2.152100,-0.006556,-0.000170,-0.000043
-2.146000,-0.006761,-0.000176,-0.000045
-2.139900,-0.006973,-0.000182,-0.000047
-2.133800,-0.007188,-0.000188,-0.000048
-2.127700,-0.007403,-0.000195,-0.000050
-2.121600,-0.007634,-0.000202,-0.000052
-2.115500,-0.007863,-0.000209,-0.000053
-2.109400,-0.008102,-0.000216,-0.000055
-2.103300,-0.008342,-0.000223,-0.000057
-2.097200,-0.008598,-0.000231,-0.000059
-2.091100,-0.008866,-0.000240,-0.000061
-2.085000,-0.009117,-0.000247,-0.000063
-2.078900,-0.009395,-0.000256,-0.000065
-2.072800,-0.009678,-0.000265,-0.000067
-2.066700,-0.009962,-0.000274,-0.000070
-2.060600,-0.010260,-0.000283,-0.000072
-2.054500,-0.010562,-0.000293,-0.000075
-2.048400,-0.010873,-0.000303,-0.000077
-2.042300,-0.011188,-0.000313,-0.000080
-2.036200,-0.011506,-0.000323,-0.000082
-2.030100,-0.011854,-0.000334,-0.000085
-2.024000,-0.012202,-0.000346,-0.000088
-2.017900,-0.012550,-0.000357,-0.000091
-2.011800,-0.012911,-0.000369,-0.000094
-2.005700,-0.013277,-0.000381,-0.000097
-1.999600,-0.013669,-0.000394,-0.000100
-1.993500,-0.014056,-0.000407,-0.000104
-1.987400,-0.014460,-0.000421,-0.000107
-1.981300,-0.014858,-0.000434,-0.000110
-1.975200,-0.015305,-0.000450,-0.000114
-1.969100,-0.015739,-0.000465,-0.000118
-1.963000,-0.016172,-0.000479,-0.000122
-1.956900,-0.016628,-0.000495,-0.000126
-1.950800,-0.017100,-0.000512,-0.000130
-1.944700,-0.017600,-0.000529,-0.000134
-1.938600,-0.018093,-0.000546,-0.000139
-1.932500,-0.018592,-0.000564,-0.000143
-1.926400,-0.019112,-0.000583,-0.000148
-1.920300,-0.019663,-0.000602,-0.000153
-1.914200,-0.020215,-0.000622,-0.000158
-1.908100,-0.020764,-0.000642,-0.000163
-1.902000,-0.021349,-0.000663,-0.000168
-1.895900,-0.021913,-0.000684,-0.000173
-1.889800,-0.022544,-0.000707,-0.000179
-1.883700,-0.023175,-0.000730,-0.000185
-1.877600,-0.023806,-0.000754,-0.000191
-1.871500,-0.024460,-0.000778,-0.000197
-1.865400,-0.025135,-0.000803,-0.000204
-1.859300,-0.025827,-0.000829,-0.000210
-1.853200,-0.026566,-0.000857,-0.000218
-1.847100,-0.026566,-0.000857,-0.000218
-1.841000,-0.028021,-0.000913,-0.000231
-1.834900,-0.028021,-0.000913,-0.000231
-1.828800,-0.028803,-0.000943,-0.000239
-1.822700,-0.030415,-0.001006,-0.000255
-1.816600,-0.030415,-0.001006,-0.000255
-1.810500,-0.032095,-0.001072,-0.000271
-1.804400,-0.032938,-0.001106,-0.000280
-1.798300,-0.032938,-0.001106,-0.000280
-1.792200,-0.034794,-0.001180,-0.000299
-1.786100,-0.034794,-0.001180,-0.000299
-1.780000,-0.036691,-0.001257,-0.000318
-1.773900,-0.037713,-0.001298,-0.000329
-1.767800,-0.037713,-0.001298,-0.000329
-1.761700,-0.039804,-0.001384,-0.000351
-1.755600,-0.040891,-0.001430,-0.000362
-1.749500,-0.041976,-0.001475,-0.000373
-1.743400,-0.043090,-0.001522,-0.000385
-1.737300,-0.043090,-0.001522,-0.000385
-1.731200,-0.045514,-0.001624,-0.000411
-1.725100,-0.046761,-0.001677,-0.000425
-1.719000,-0.048031,-0.001732,-0.000438
-1.712900,-0.049337,-0.001788,-0.000452
-1.706800,-0.050667,-0.001846,-0.000467
-1.700700,-0.052049,-0.001906,-0.000482
-1.694600,-0.053455,-0.001968,-0.000498
-1.688500,-0.054852,-0.002030,-0.000513
-1.682400,-0.056396,-0.002098,-0.000531
-1.676300,-0.057943,-0.002167,-0.000548
-1.670200,-0.059505,-0.002237,-0.000566
-1.664100,-0.061143,-0.002311,-0.000585
-1.658000,-0.062855,-0.002388,-0.000604
-1.651900,-0.064537,-0.002465,-0.000623
-1.645800,-0.066256,-0.002544,-0.000643
-1.639700,-0.068023,-0.002626,-0.000664
-1.633600,-0.068023,-0.002626,-0.000664
-1.627500,-0.071843,-0.002803,-0.000708
-1.621400,-0.071843,-0.002803,-0.000708
-1.615300,-0.073787,-0.002894,-0.000732
-1.609200,-0.077935,-0.003090,-0.000780
-1.603100,-0.077935,-0.003090,-0.000780
-1.597000,-0.082194,-0.003294,-0.000834
-1.590900,-0.084482,-0.003405,-0.000860
-1.584800,-0.084482,-0.003405,-0.000860
-1.578700,-0.089247,-0.003636,-0.000919
-1.572600,-0.089247,-0.003636,-0.000919
-1.566500,-0.094284,-0.003883,-0.000981
-1.560400,-0.096818,-0.004008,-0.001012
-1.554300,-0.099481,-0.004141,-0.001047
-1.548200,-0.102309,-0.004283,-0.001082
-1.542100,-0.105189,-0.004426,-0.001118
-1.536000,-0.108086,-0.004573,-0.001156
-1.529900,-0.111139,-0.004728,-0.001194
-1.523800,-0.111139,-0.004728,-0.001194
-1.517700,-0.117387,-0.005048,-0.001274
-1.511600,-0.120721,-0.005220,-0.001320
-1.505500,-0.124174,-0.005399,-0.001364
-1.499400,-0.127683,-0.005581,-0.001410
-1.493300,-0.131208,-0.005764,-0.001455
-1.487200,-0.134999,-0.005964,-0.001507
-1.481100,-0.138925,-0.006171,-0.001559
-1.475000,-0.142783,-0.006376,-0.001609
-1.468900,-0.146888,-0.006595,-0.001665
-1.462800,-0.151132,-0.006821,-0.001725
-1.456700,-0.155592,-0.007061,-0.001784
-1.450600,-0.160035,-0.007299,-0.001842
-1.444500,-0.164700,-0.007552,-0.001907
-1.438400,-0.169390,-0.007808,-0.001973
-1.432300,-0.174440,-0.008084,-0.002041
-1.426200,-0.179378,-0.008354,-0.002108
-1.420100,-0.184859,-0.008653,-0.002187
-1.414000,-0.190280,-0.008955,-0.002263
-1.407900,-0.190280,-0.008955,-0.002263
-1.401800,-0.196045,-0.009271,-0.002339
-1.395700,-0.207731,-0.009923,-0.002508
-1.389600,-0.207731,-0.009923,-0.002508
-1.383500,-0.220611,-0.010641,-0.002688
-1.377400,-0.220611,-0.010641,-0.002688
-1.371300,-0.227000,-0.010999,-0.002777
-1.365200,-0.241504,-0.011815,-0.002983
-1.359100,-0.241504,-0.011815,-0.002983
-1.353000,-0.256278,-0.012648,-0.003190
-1.346900,-0.264335,-0.012199,-0.002967
-1.340800,-0.264335,-0.012199,-0.002967
-1.334700,-0.281423,-0.012419,-0.003071
-1.328600,-0.281423,-0.012419,-0.003071
-1.322500,-0.299674,-0.011633,-0.002912
-1.316400,-0.309240,-0.011409,-0.002853
-1.310300,-0.309240,-0.011409,-0.002853
-1.304200,-0.329804,-0.011531,-0.002880
-1.298100,-0.340786,-0.011598,-0.002888
-1.292000,-0.352206,-0.011770,-0.002940
-1.285900,-0.352206,-0.011770,-0.002940
-1.279800,-0.376295,-0.011933,-0.002973
-1.273700,-0.389185,-0.011459,-0.002840
-1.267600,-0.402804,-0.011783,-0.002894
-1.261500,-0.416964,-0.011414,-0.002867
-1.255400,-0.431845,-0.011437,-0.002864
-1.249300,-0.447310,-0.011346,-0.002794
-1.243200,-0.463816,-0.011342,-0.002776
-1.237100,-0.481269,-0.011343,-0.002797
-1.231000,-0.499457,-0.011270,-0.002707
-1.224900,-0.518488,-0.011310,-0.002881
-1.218800,-0.539445,-0.011255,-0.002756
-1.212700,-0.561548,-0.011256,-0.002686
-1.206600,-0.585572,-0.010596,-0.002528
-1.200500,-0.611223,-0.010049,-0.002256
-1.194400,-0.639717,-0.010242,-0.002466
-1.188300,-0.673275,-0.010131,-0.002348
-1.182200,-0.715687,-0.009504,-0.002239
-1.176100,-0.750430,-0.008958,-0.002045
-1.170000,-0.782221,-0.008748,-0.002061
-1.163900,-0.813049,-0.008211,-0.001831
-1.157800,-0.842968,-0.007120,-0.001672
-1.151700,-0.872529,-0.006577,-0.001533
-1.145600,-0.901957,-0.006108,-0.001418
-1.139500,-0.931463,-0.005852,-0.001311
-1.133400,-0.960787,-0.005631,-0.001310
-1.127300,-0.990408,-0.004874,-0.001090
-1.121200,-1.020164,-0.004395,-0.001002
-1.115100,-1.050161,-0.004358,-0.001013
-1.109000,-1.080400,-0.003954,-0.000886
-1.102900,-1.111131,-0.003610,-0.000855
-1.096800,-1.142258,-0.003345,-0.000740
-1.090700,-1.173776,-0.003025,-0.000666
-1.084600,-1.173776,-0.003025,-0.000666
-1.078500,-1.238209,-0.002433,-0.000524
-1.072400,-1.271359,-0.002172,-0.000450
-1.066300,-1.271359,-0.002172,-0.000450
-1.060200,-1.339321,-0.001534,-0.000303
-1.054100,-1.374271,-0.001349,-0.000255
-1.048000,-1.409905,-0.001086,-0.000210
-1.041900,-1.446270,-0.000859,-0.000151
-1.035800,-1.446270,-0.000859,-0.000151
-1.029700,-1.521469,-0.000310,-0.000019
-1.023600,-1.560313,-0.000010,0.000056
-1.017500,-1.560313,-0.000010,0.000056
-1.011400,-1.640584,0.000522,0.000205
-1.005300,-1.682253,0.000717,0.000233
-0.999200,-1.724904,0.000983,0.000299
-0.993100,-1.768741,0.001208,0.000356
-0.987000,-1.813596,0.001391,0.000393
-0.980900,-1.859625,0.001686,0.000468
-0.974800,-1.906857,0.001929,0.000539
-0.968700,-1.955468,0.002206,0.000592
-0.962600,-2.005463,0.002436,0.000653
-0.956500,-2.056820,0.002656,0.000709
-0.950400,-2.109680,0.002908,0.000780
-0.944300,-2.164014,0.003160,0.000829
-0.938200,-2.220108,0.003420,0.000897
-0.932100,-2.277889,0.003653,0.000958
-0.926000,-2.337487,0.003908,0.001014
-0.919900,-2.399027,0.004150,0.001074
-0.913800,-2.462390,0.004425,0.001145
-0.907700,-2.527992,0.004671,0.001209
-0.901600,-2.595757,0.004914,0.001263
-0.895500,-2.665905,0.005163,0.001333
-0.889400,-2.738404,0.005431,0.001393
-0.883300,-2.813478,0.005697,0.001459
-0.877200,-2.891289,0.005986,0.001527
-0.871100,-2.972090,0.006239,0.001589
-0.865000,-3.055924,0.006499,0.001654
-0.858900,-3.142866,0.006795,0.001725
-0.852800,-3.233288,0.007080,0.001795
-0.846700,-3.327248,0.007371,0.001869
-0.840600,-3.425157,0.007643,0.001930
-0.834500,-3.527097,0.007940,0.002002
-0.828400,-3.633391,0.008255,0.002082
-0.822300,-3.744334,0.008562,0.002157
-0.816200,-3.860030,0.008896,0.002241
-0.810100,-3.981258,0.009224,0.002321
-0.804000,-4.107897,0.009588,0.002409
-0.797900,-4.240767,0.009950,0.002496
-0.791800,-4.380011,0.010366,0.002599
-0.785700,-4.526089,0.010815,0.002710
-0.779600,-4.679740,0.011380,0.002844
-0.773500,-4.779973,0.012210,0.003046
-0.767400,-4.774839,0.012373,0.003085
-0.761300,-4.769848,0.012531,0.003126
-0.755200,-4.764626,0.012700,0.003169
-0.749100,-4.759267,0.012874,0.003213
-0.743000,-4.753908,0.013047,0.003256
-0.736900,-4.748600,0.013221,0.003297
-0.730800,-4.743146,0.013398,0.003342
-0.724700,-4.737622,0.013577,0.003388
-0.718600,-4.731943,0.013765,0.003435
-0.712500,-4.726258,0.013958,0.003484
-0.706400,-4.720540,0.014148,0.003529
-0.700300,-4.720540,0.014148,0.003529
-0.694200,-4.714671,0.014347,0.003577
-0.688100,-4.702996,0.014742,0.003679
-0.682000,-4.696888,0.014951,0.003731
-0.675900,-4.690716,0.015167,0.003786
-0.669800,-4.690716,0.015167,0.003786
-0.663700,-4.684606,0.015375,0.003835
-0.657600,-4.678212,0.015599,0.003890
-0.651500,-4.665679,0.016037,0.004003
-0.645400,-4.659071,0.016274,0.004060
-0.639300,-4.652470,0.016514,0.004122
-0.633200,-4.652470,0.016514,0.004122
-0.627100,-4.645970,0.016745,0.004176
-0.621000,-4.632381,0.017236,0.004301
-0.614900,-4.625375,0.017492,0.004364
-0.608800,-4.618403,0.017751,0.004429
-0.602700,-4.618403,0.017751,0.004429
-0.596600,-4.611308,0.018020,0.004497
-0.590500,-4.596909,0.018561,0.004629
-0.584400,-4.589704,0.018834,0.004699
-0.578300,-4.582308,0.019116,0.004768
-0.572200,-4.582308,0.019116,0.004768
-0.566100,-4.574728,0.019412,0.004844
-0.560000,-4.559322,0.020012,0.004991
-0.553900,-4.551443,0.020326,0.005067
-0.547800,-4.543678,0.020629,0.005146
-0.541700,-4.535598,0.020952,0.005228
-0.535600,-4.535598,0.020952,0.005228
-0.529500,-4.518999,0.021630,0.005397
-0.523400,-4.510894,0.021960,0.005477
-0.517300,-4.502384,0.022312,0.005562
-0.511200,-4.494139,0.021960,0.005624
-0.505100,-4.494139,0.021960,0.005624
-0.499000,-4.476669,0.020669,0.005198
-0.492900,-4.467767,0.020313,0.005119
-0.486800,-4.458706,0.019918,0.004966
-0.480700,-4.449674,0.019606,0.004805
-0.474600,-4.449674,0.019606,0.004805
-0.468500,-4.431068,0.018182,0.004411
-0.462400,-4.421585,0.017767,0.004273
-0.456300,-4.412118,0.017398,0.004108
-0.450200,-4.402335,0.016987,0.003801
-0.444100,-4.392460,0.016711,0.003738
-0.438000,-4.382420,0.016474,0.003690
-0.431900,-4.372357,0.016099,0.003618
-0.425800,-4.362087,0.015886,0.003634
-0.419700,-4.351713,0.015967,0.003756
-0.413600,-4.341169,0.015669,0.003781
-0.407500,-4.330406,0.015419,0.003844
-0.401400,-4.319662,0.014973,0.003773
-0.395300,-4.308569,0.014152,0.003529
-0.389200,-4.297340,0.014175,0.003525
-0.383100,-4.286095,0.014474,0.003595
-0.377000,-4.274583,0.014209,0.003453
-0.370900,-4.262977,0.013906,0.003398
-0.364800,-4.251177,0.013766,0.003374
-0.358700,-4.239129,0.013603,0.003299
-0.352600,-4.227206,0.013488,0.003164
-0.346500,-4.214773,0.013421,0.003137
-0.340400,-4.202392,0.013334,0.003140
-0.334300,-4.189683,0.013067,0.003092
-0.328200,-4.176750,0.012730,0.003075
-0.322100,-4.163677,0.012371,0.002983
-0.316000,-4.150380,0.012392,0.003037
-0.309900,-4.136899,0.012155,0.003038
-0.303800,-4.123289,0.011937,0.002934
-0.297700,-4.109430,0.011892,0.002932
-0.291600,-4.095295,0.011886,0.002877
-0.285500,-4.081016,0.011681,0.002775
-0.279400,-4.066429,0.011503,0.002736
-0.273300,-3.996350,0.010754,0.002572
-0.267200,-3.996350,0.010754,0.002572
-0.261100,-3.845964,0.010385,0.002507
-0.255000,-3.562138,0.009421,0.002339
-0.248900,-3.427907,0.009126,0.002272
-0.242800,-3.427907,0.009126,0.002272
-0.236700,-3.298309,0.008659,0.002093
-0.230600,-3.173112,0.008444,0.002024
-0.224500,-2.934667,0.008162,0.001981
-0.218400,-2.820883,0.007807,0.001919
-0.212300,-2.820883,0.007807,0.001919
-0.206200,-2.710492,0.007386,0.001824
-0.200100,-2.603230,0.007040,0.001736
-0.194000,-2.397419,0.006676,0.001620
-0.187900,-2.298486,0.006439,0.001573
-0.181800,-2.201995,0.006118,0.001499
-0.175700,-2.201995,0.006118,0.001499
-0.169600,-2.107801,0.005818,0.001426
-0.163500,-1.925666,0.005444,0.001335
-0.157400,-1.837559,0.005228,0.001297
-0.151300,-1.751184,0.004944,0.001188
-0.145200,-1.751184,0.004944,0.001188
-0.139100,-1.583355,0.004514,0.001095
-0.133000,-1.501693,0.004292,0.001051
-0.126900,-1.421401,0.004077,0.000988
-0.120800,-1.342395,0.003883,0.000960
-0.114700,-1.264546,0.003749,0.000926
-0.108600,-1.187822,0.003383,0.000810
-0.102500,-1.112151,0.003181,0.000755
-0.096400,-1.037397,0.003066,0.000740
-0.090300,-0.963599,0.002857,0.000701
-0.084200,-0.890546,0.002617,0.000656
-0.078100,-0.818278,0.002369,0.000563
-0.072000,-0.746658,0.002175,0.000545
-0.065900,-0.675666,0.001998,0.000469
-0.059800,-0.605250,0.001789,0.000429
-0.053700,-0.535307,0.001517,0.000347
-0.047600,-0.535307,0.001517,0.000347
-0.041500,-0.396672,0.001183,0.000299
-0.035400,-0.327848,0.001036,0.000254
-0.029300,-0.259281,0.000804,0.000193
-0.023200,-0.190945,0.000532,0.000140
-0.017100,-0.190945,0.000532,0.000140
-0.011000,-0.054675,0.000164,0.000050
-0.004900,0.013377,-0.000046,0.000008
0.001200,0.081432,-0.000256,-0.000049
0.007300,0.149573,-0.000419,-0.000109
0.013400,0.217816,-0.000627,-0.000153
0.019500,0.286245,-0.000878,-0.000199
0.025600,0.354900,-0.001040,-0.000261
0.031700,0.423824,-0.001226,-0.000285
0.037800,0.493080,-0.001442,-0.000352
0.043900,0.562758,-0.001744,-0.000416
0.050000,0.632897,-0.001888,-0.000441
0.056100,0.703542,-0.002097,-0.000516
0.062200,0.774770,-0.002282,-0.000536
0.068300,0.846618,-0.002473,-0.000570
0.074400,0.919198,-0.002700,-0.000640
0.080500,0.992540,-0.002896,-0.000692
0.086600,1.066734,-0.003186,-0.000763
0.092700,1.141817,-0.003297,-0.000789
0.098800,1.217874,-0.003496,-0.000823
0.104900,1.295026,-0.003786,-0.000929
0.111000,1.373301,-0.003921,-0.000944
0.117100,1.452822,-0.004183,-0.000987
0.123200,1.533662,-0.004448,-0.001075
0.129300,1.615878,-0.004614,-0.001078
0.135400,1.699638,-0.004965,-0.001178
0.141500,1.784977,-0.005095,-0.001257
0.147600,1.872023,-0.005253,-0.001263
0.153700,1.960871,-0.005560,-0.001322
0.159800,2.051707,-0.005647,-0.001341
0.165900,2.144549,-0.005946,-0.001429
0.172000,2.239635,-0.006285,-0.001528
0.178100,2.239635,-0.006285,-0.001528
0.184200,2.337138,-0.006546,-0.001575
0.190300,2.437053,-0.006796,-0.001627
0.196400,2.539673,-0.006851,-0.001634
0.202500,2.753565,-0.007598,-0.001841
0.208600,2.865267,-0.007886,-0.001901
0.214700,2.865267,-0.007886,-0.001901
0.220800,2.980390,-0.008132,-0.001948
0.226900,3.099154,-0.008251,-0.001970
0.233000,3.348759,-0.008863,-0.002146
0.239100,3.480166,-0.009323,-0.002289
0.245200,3.480166,-0.009323,-0.002289
0.251300,3.616354,-0.009610,-0.002344
0.257400,3.757587,-0.010045,-0.002462
0.263500,4.057329,-0.011285,-0.002667
0.269600,4.072251,-0.011516,-0.002719
0.275700,4.072251,-0.011516,-0.002719
0.281800,4.086646,-0.011794,-0.002797
0.287900,4.100824,-0.011877,-0.002884
0.294000,4.128732,-0.012028,-0.002987
0.300100,4.142278,-0.012320,-0.002982
0.306200,4.155743,-0.012333,-0.003026
0.312300,4.155743,-0.012333,-0.003026
0.318400,4.168893,-0.012510,-0.003029
0.324500,4.194609,-0.013198,-0.003107
0.330600,4.207271,-0.013415,-0.003134
0.336700,4.219567,-0.013426,-0.003128
0.342800,4.219567,-0.013426,-0.003128
0.348900,4.231987,-0.013526,-0.003217
0.355000,4.255934,-0.013769,-0.003386
0.361100,4.267699,-0.013995,-0.003444
0.367200,4.279191,-0.014442,-0.003562
0.373300,4.279191,-0.014442,-0.003562
0.379400,4.290611,-0.014045,-0.003389
0.385500,4.312975,-0.014379,-0.003521
0.391600,4.323912,-0.015116,-0.003680
0.397700,4.334638,-0.015601,-0.003844
0.403800,4.345314,-0.015708,-0.003808
0.409900,4.345314,-0.015708,-0.003808
0.416000,4.366151,-0.016143,-0.003703
0.422100,4.376292,-0.016309,-0.003726
0.428200,4.376292,-0.016309,-0.003726
0.434300,4.396369,-0.016801,-0.003779
0.440400,4.406148,-0.017286,-0.004029
0.446500,4.415915,-0.017678,-0.004273
0.452600,4.425436,-0.017911,-0.004325
0.458700,4.434756,-0.018431,-0.004489
0.464800,4.444224,-0.019272,-0.004750
0.470900,4.453321,-0.019904,-0.004811
0.477000,4.462315,-0.019785,-0.004776
0.483100,4.471270,-0.019987,-0.004780
0.489200,4.480173,-0.020584,-0.004844
0.495300,4.488757,-0.021614,-0.005120
0.501400,4.497417,-0.022256,-0.005501
0.507500,4.506034,-0.022162,-0.005551
0.513600,4.514380,-0.021814,-0.005467
0.519700,4.522320,-0.021494,-0.005388
0.525800,4.530660,-0.021160,-0.005303
0.531900,4.538578,-0.020837,-0.005218
0.538000,4.546743,-0.020510,-0.005137
0.544100,4.554512,-0.020198,-0.005060
0.550200,4.562311,-0.019890,-0.004983
0.556300,4.569968,-0.019599,-0.004913
0.562400,4.577651,-0.019298,-0.004837
0.568500,4.584987,-0.019022,-0.004764
0.574600,4.592521,-0.018730,-0.004692
0.580700,4.599953,-0.018445,-0.004619
0.586800,4.607214,-0.018172,-0.004553
0.592900,4.614148,-0.017912,-0.004489
0.599000,4.621142,-0.017653,-0.004425
0.605100,4.628056,-0.017401,-0.004358
0.611200,4.634913,-0.017145,-0.004293
0.617300,4.641773,-0.016893,-0.004230
0.623400,4.648561,-0.016648,-0.004171
0.629500,4.655131,-0.016420,-0.004116
0.635600,4.661656,-0.016184,-0.004057
0.641700,4.667991,-0.015960,-0.003996
0.647800,4.674514,-0.015728,-0.003938
0.653900,4.680829,-0.015504,-0.003883
0.660000,4.687002,-0.015291,-0.003830
0.666100,4.693187,-0.015081,-0.003780
0.672200,4.699273,-0.014871,-0.003726
0.678300,4.705143,-0.014671,-0.003674
0.684400,4.711201,-0.014463,-0.003622
0.690500,4.716979,-0.014266,-0.003574
0.696600,4.722902,-0.014070,-0.003525
0.702700,4.728548,-0.013882,-0.003479
0.708800,4.734165,-0.013696,-0.003431
0.714900,4.739678,-0.013513,-0.003384
0.721000,4.745341,-0.013327,-0.003337
0.727100,4.750750,-0.013149,-0.003293
0.733200,4.756060,-0.012977,-0.003252
0.739300,4.761297,-0.012807,-0.003209
0.745400,4.766553,-0.012641,-0.003165
0.751500,4.771782,-0.012472,-0.003123
0.757600,4.776856,-0.012307,-0.003083
0.763700,4.776981,-0.011984,-0.003002
0.769800,4.618353,-0.011130,-0.002798
0.775900,4.467720,-0.010621,-0.002676
0.782000,4.324321,-0.010200,-0.002569
0.788100,4.187758,-0.009795,-0.002468
0.794200,4.057413,-0.009432,-0.002383
0.800300,3.932933,-0.009095,-0.002300
0.806400,3.813881,-0.008756,-0.002222
0.812500,3.700049,-0.008440,-0.002138
0.818600,3.591022,-0.008132,-0.002064
0.824700,3.486491,-0.007838,-0.001990
0.830800,3.486491,-0.007838,-0.001990
0.836900,3.386192,-0.007525,-0.001915
0.843000,3.197255,-0.006955,-0.001776
0.849100,3.108202,-0.006688,-0.001711
0.855200,3.022550,-0.006412,-0.001644
0.861300,3.022550,-0.006412,-0.001644
0.867400,2.940009,-0.006146,-0.001572
0.873500,2.783661,-0.005601,-0.001442
0.879600,2.709442,-0.005326,-0.001374
0.885700,2.637965,-0.005066,-0.001320
0.891800,2.568884,-0.004825,-0.001250
0.897900,2.568884,-0.004825,-0.001250
0.904000,2.437194,-0.004306,-0.001113
0.910100,2.374509,-0.004049,-0.001054
0.916200,2.313757,-0.003825,-0.001001
0.922300,2.254969,-0.003548,-0.000936
0.928400,2.254969,-0.003548,-0.000936
0.934500,2.197941,-0.003337,-0.000886
0.940600,2.088684,-0.002832,-0.000758
0.946700,2.036377,-0.002589,-0.000697
0.952800,1.985635,-0.002316,-0.000641
0.958900,1.985635,-0.002316,-0.000641
0.965000,1.936252,-0.002062,-0.000582
0.971100,1.841337,-0.001614,-0.000466
0.977200,1.795723,-0.001362,-0.000403
0.983300,1.751347,-0.001080,-0.000317
0.989400,1.708065,-0.000864,-0.000288
0.995500,1.708065,-0.000864,-0.000288
1.001600,1.624538,-0.000349,-0.000155
1.007700,1.584230,-0.000144,-0.000114
1.013800,1.544857,0.000141,-0.000045
1.019900,1.506421,0.000356,0.000020
1.026000,1.468759,0.000666,0.000092
1.032100,1.431901,0.000880,0.000137
1.038200,1.395811,0.001149,0.000235
1.044300,1.360358,0.001485,0.000293
1.050400,1.325749,0.001736,0.000353
1.056500,1.291768,0.002000,0.000428
1.062600,1.258339,0.002357,0.000500
1.068700,1.225436,0.002550,0.000536
1.074800,1.193090,0.002741,0.000569
1.080900,1.161265,0.003083,0.000651
1.087000,1.129973,0.003475,0.000774
1.093100,1.099085,0.003732,0.000829
1.099200,1.068455,0.004271,0.000960
1.105300,1.038312,0.004541,0.001022
1.111400,1.008364,0.004620,0.001067
1.117500,0.978725,0.005140,0.001168
1.123600,0.949184,0.005608,0.001252
1.129700,0.919886,0.005894,0.001397
1.135800,0.890428,0.006258,0.001444
1.141900,0.860933,0.006956,0.001624
1.148000,0.831195,0.007711,0.001735
1.154100,0.800916,0.008231,0.001904
1.160200,0.769982,0.008957,0.002034
1.166300,0.737063,0.009267,0.002043
1.172400,0.700353,0.009841,0.002248
1.178500,0.659050,0.010046,0.002397
1.184600,0.628385,0.010262,0.002410
1.190700,0.628385,0.010262,0.002410
1.196800,0.575711,0.010769,0.002433
1.202900,0.552456,0.011135,0.002505
1.209000,0.531193,0.011436,0.002907
1.215100,0.511013,0.011207,0.002790
1.221200,0.492079,0.011534,0.002763
1.227300,0.474107,0.011231,0.002737
1.233400,0.457297,0.011348,0.002771
1.239500,0.441170,0.011453,0.002786
1.245600,0.425835,0.011324,0.002747
1.251700,0.411274,0.011376,0.002795
1.257800,0.397478,0.011788,0.002926
1.263900,0.384198,0.011561,0.002821
1.270000,0.371329,0.012006,0.002996
1.276100,0.359227,0.011992,0.002970
1.282200,0.347488,0.011829,0.002934
1.288300,0.336450,0.011725,0.002915
1.294400,0.325652,0.011687,0.002903
1.300500,0.315288,0.011586,0.002870
1.306600,0.305270,0.011553,0.002872
1.312700,0.295875,0.011518,0.002857
1.318800,0.286631,0.011624,0.002903
1.324900,0.277978,0.011756,0.002954
1.331000,0.269479,0.012175,0.003001
1.337100,0.261260,0.012418,0.003156
1.343200,0.253483,0.012492,0.003089
1.349300,0.245803,0.012055,0.002980
1.355400,0.238244,0.011631,0.002882
1.361500,0.231380,0.011246,0.002786
1.367600,0.224635,0.010868,0.002690
1.373700,0.218025,0.010493,0.002595
1.379800,0.211493,0.010129,0.002507
1.385900,0.205425,0.009793,0.002423
1.392000,0.199436,0.009462,0.002341
1.398100,0.193608,0.009138,0.002260
1.404200,0.188026,0.008828,0.002186
1.410300,0.182782,0.008539,0.002114
1.416400,0.177458,0.008248,0.002040
1.422500,0.172465,0.007974,0.001972
1.428600,0.167503,0.007705,0.001907
1.434700,0.162809,0.007451,0.001844
1.440800,0.158146,0.007198,0.001779
1.446900,0.153816,0.006964,0.001723
1.453000,0.149479,0.006731,0.001667
1.459100,0.145345,0.006511,0.001610
1.465200,0.141247,0.006293,0.001555
1.471300,0.137262,0.006083,0.001505
1.477400,0.133504,0.005886,0.001456
1.483500,0.129909,0.005697,0.001410
1.489600,0.126265,0.005506,0.001362
1.495700,0.122769,0.005324,0.001317
1.501800,0.119503,0.005156,0.001276
1.507900,0.116157,0.004985,0.001232
1.514000,0.112963,0.004821,0.001192
1.520100,0.109895,0.004665,0.001154
1.526200,0.106980,0.004517,0.001118
1.532300,0.104048,0.004368,0.001079
1.538400,0.101219,0.004227,0.001045
1.544500,0.098490,0.004091,0.001012
1.550600,0.095844,0.003960,0.000979
1.556700,0.093240,0.003831,0.000947
1.562800,0.090644,0.003704,0.000916
1.568900,0.088315,0.003590,0.000888
1.575000,0.085961,0.003475,0.000859
1.581100,0.085961,0.003475,0.000859
1.587200,0.081376,0.003254,0.000805
1.593300,0.079237,0.003152,0.000779
1.599400,0.079237,0.003152,0.000779
1.605500,0.074964,0.002950,0.000730
1.611600,0.074964,0.002950,0.000730
1.617700,0.071124,0.002769,0.000685
1.623800,0.069211,0.002680,0.000662
1.629900,0.069211,0.002680,0.000662
1.636000,0.065594,0.002513,0.000621
1.642100,0.065594,0.002513,0.000621
1.648200,0.062109,0.002354,0.000582
1.654300,0.060468,0.002280,0.000564
1.660400,0.060468,0.002280,0.000564
1.666500,0.057334,0.002139,0.000529
1.672600,0.057334,0.002139,0.000529
1.678700,0.054338,0.002006,0.000496
1.684800,0.054338,0.002006,0.000496
1.690900,0.051470,0.001880,0.000465
1.697000,0.050127,0.001822,0.000450
1.703100,0.050127,0.001822,0.000450
1.709200,0.047478,0.001708,0.000422
1.715300,0.047478,0.001708,0.000422
1.721400,0.045036,0.001603,0.000396
1.727500,0.043831,0.001552,0.000383
1.733600,0.043831,0.001552,0.000383
1.739700,0.041551,0.001457,0.000359
1.745800,0.041551,0.001457,0.000359
1.751900,0.039377,0.001367,0.000337
1.758000,0.038347,0.001324,0.000327
1.764100,0.038347,0.001324,0.000327
1.770200,0.036315,0.001241,0.000307
1.776300,0.036315,0.001241,0.000307
1.782400,0.034431,0.001165,0.000287
1.788500,0.033517,0.001128,0.000278
1.794600,0.033517,0.001128,0.000278
1.800700,0.031754,0.001058,0.000261
1.806800,0.031754,0.001058,0.000261
1.812900,0.030093,0.000993,0.000245
1.819000,0.029263,0.000961,0.000237
1.825100,0.029263,0.000961,0.000237
1.831200,0.027734,0.000902,0.000223
1.837300,0.027734,0.000902,0.000223
1.843400,0.026280,0.000846,0.000209
1.849500,0.025592,0.000820,0.000202
1.855600,0.025592,0.000820,0.000202
1.861700,0.024199,0.000768,0.000189
1.867800,0.024199,0.000768,0.000189
1.873900,0.022929,0.000721,0.000178
1.880000,0.022303,0.000698,0.000172
1.886100,0.021705,0.000676,0.000167
1.892200,0.021098,0.000654,0.000161
1.898300,0.021098,0.000654,0.000161
1.904400,0.019976,0.000613,0.000151
1.910500,0.019439,0.000594,0.000146
1.916600,0.018906,0.000575,0.000142
1.922700,0.018386,0.000557,0.000137
1.928800,0.018386,0.000557,0.000137
1.934900,0.017407,0.000522,0.000129
1.941000,0.016927,0.000505,0.000124
1.947100,0.016457,0.000489,0.000120
1.953200,0.016013,0.000474,0.000117
1.959300,0.015558,0.000458,0.000113
1.965400,0.015138,0.000444,0.000109
1.971500,0.014704,0.000429,0.000105
1.977600,0.014295,0.000415,0.000102
1.983700,0.013907,0.000402,0.000099
1.989800,0.013907,0.000402,0.000099
1.995900,0.013138,0.000376,0.000093
2.002000,0.012754,0.000364,0.000089
2.008100,0.012399,0.000352,0.000087
2.014200,0.012057,0.000341,0.000084
2.020300,0.012057,0.000341,0.000084
2.026400,0.011375,0.000319,0.000078
2.032500,0.011056,0.000308,0.000076
2.038600,0.010742,0.000298,0.000073
2.044700,0.010441,0.000289,0.000071
2.050800,0.010441,0.000289,0.000071
2.056900,0.009847,0.000270,0.000066
2.063000,0.009562,0.000261,0.000064
2.069100,0.009282,0.000252,0.000062
2.075200,0.009013,0.000244,0.000060
2.081300,0.008746,0.000236,0.000058
2.087400,0.008504,0.000228,0.000056
2.093500,0.008242,0.000220,0.000054
2.099600,0.008002,0.000213,0.000052
2.105700,0.007767,0.000206,0.000050
2.111800,0.007538,0.000199,0.000049
2.117900,0.007312,0.000192,0.000047
2.124000,0.007095,0.000186,0.000045
2.130100,0.006886,0.000179,0.000044
2.136200,0.006676,0.000173,0.000042
2.142300,0.006475,0.000167,0.000041
2.148400,0.006282,0.000162,0.000040
2.154500,0.006087,0.000156,0.000038
2.160600,0.005900,0.000151,0.000037
2.166700,0.005728,0.000146,0.000036
2.172800,0.005554,0.000141,0.000034
2.178900,0.005372,0.000135,0.000033
2.185000,0.005214,0.000131,0.000032
2.191100,0.005047,0.000126,0.000031
2.197200,0.004890,0.000122,0.000030
2.203300,0.004735,0.000117,0.000029
2.209400,0.004593,0.000113,0.000028
2.215500,0.004439,0.000109,0.000027
2.221600,0.004305,0.000105,0.000026
2.227700,0.004163,0.000102,0.000025
2.233800,0.004031,0.000098,0.000024
2.239900,0.003900,0.000094,0.000023
2.246000,0.003770,0.000091,0.000022
2.252100,0.003646,0.000088,0.000021
2.258200,0.003532,0.000085,0.000021
2.264300,0.003412,0.000081,0.000020
2.270400,0.003305,0.000078,0.000019
2.276500,0.003188,0.000075,0.000018
2.282600,0.003088,0.000073,0.000018
2.288700,0.002979,0.000070,0.000017
2.294800,0.002879,0.000067,0.000016
2.300900,0.002781,0.000065,0.000016
2.307000,0.002684,0.000062,0.000015
2.313100,0.002596,0.000060,0.000015
2.319200,0.002502,0.000058,0.000014
2.325300,0.002420,0.000055,0.000013
2.331400,0.002333,0.000053,0.000013
2.337500,0.002252,0.000051,0.000012
2.343600,0.002168,0.000049,0.000012
2.349700,0.002090,0.000047,0.000011
2.355800,0.002018,0.000045,0.000011
2.361900,0.001946,0.000044,0.000011
2.368000,0.001877,0.000042,0.000010
2.374100,0.001805,0.000040,0.000010
2.380200,0.001738,0.000038,0.000009
2.386300,0.001674,0.000037,0.000009
2.392400,0.001611,0.000035,0.000008
2.398500,0.001553,0.000034,0.000008
2.404600,0.001492,0.000033,0.000008
2.410700,0.001435,0.000031,0.000007
2.416800,0.001379,0.000030,0.000007
2.422900,0.001326,0.000029,0.000007
2.429000,0.001277,0.000027,0.000007
2.435100,0.001225,0.000026,0.000006
2.441200,0.001176,0.000025,0.000006
2.447300,0.001130,0.000024,0.000006
2.453400,0.001085,0.000023,0.000005
2.459500,0.001040,0.000022,0.000005
2.465600,0.001040,0.000022,0.000005
2.471700,0.000957,0.000020,0.000005
2.477800,0.000957,0.000020,0.000005
2.483900,0.000916,0.000019,0.000005
2.490000,0.000840,0.000017,0.000004
2.496100,0.000840,0.000017,0.000004
2.502200,0.000770,0.000016,0.000004
2.508300,0.000770,0.000016,0.000004
2.514400,0.000735,0.000015,0.000004
2.520500,0.000672,0.000014,0.000003
2.526600,0.000672,0.000014,0.000003
2.532700,0.000613,0.000012,0.000003
2.538800,0.000613,0.000012,0.000003
2.544900,0.000586,0.000012,0.000003
2.551000,0.000532,0.000011,0.000002
2.557100,0.000532,0.000011,0.000002
2.563200,0.000483,0.000010,0.000002
2.569300,0.000483,0.000010,0.000002
2.575400,0.000460,0.000009,0.000002
2.581500,0.000415,0.000008,0.000002
2.587600,0.000415,0.000008,0.000002
2.593700,0.000375,0.000007,0.000002
2.599800,0.000375,0.000007,0.000002
2.605900,0.000356,0.000007,0.000002
2.612000,0.000320,0.000006,0.000001
2.618100,0.000320,0.000006,0.000001
2.624200,0.000286,0.000005,0.000001
2.630300,0.000286,0.000005,0.000001
2.636400,0.000256,0.000005,0.000001
2.642500,0.000242,0.000004,0.000001
2.648600,0.000242,0.000004,0.000001
2.654700,0.000214,0.000004,0.000001
2.660800,0.000214,0.000004,0.000001
2.666900,0.000190,0.000003,0.000001
2.673000,0.000178,0.000003,0.000001
2.679100,0.000178,0.000003,0.000001
2.685200,0.000157,0.000003,0.000001
2.691300,0.000157,0.000003,0.000001
2.697400,0.000138,0.000002,0.000001
2.703500,0.000129,0.000002,0.000001
2.709600,0.000129,0.000002,0.000001
2.715700,0.000112,0.000002,0.000000
2.721800,0.000105,0.000002,0.000000
2.727900,0.000097,0.000002,0.000000
2.734000,0.000090,0.000001,0.000000
2.740100,0.000084,0.000001,0.000000
2.746200,0.000077,0.000001,0.000000
2.752300,0.000072,0.000001,0.000000
2.758400,0.000066,0.000001,0.000000
2.764500,0.000061,0.000001,0.000000
2.770600,0.000056,0.000001,0.000000
2.776700,0.000051,0.000001,0.000000
2.782800,0.000047,0.000001,0.000000
2.788900,0.000043,0.000001,0.000000
2.795000,0.000039,0.000001,0.000000
2.801100,0.000035,0.000000,0.000000
2.807200,0.000032,0.000000,0.000000
2.813300,0.000029,0.000000,0.000000
2.819400,0.000026,0.000000,0.000000
2.825500,0.000023,0.000000,0.000000
2.831600,0.000021,0.000000,0.000000
2.837700,0.000019,0.000000,0.000000
2.843800,0.000017,0.000000,0.000000
2.849900,0.000015,0.000000,0.000000
2.856000,0.000013,0.000000,0.000000
2.862100,0.000011,0.000000,0.000000
2.868200,0.000010,0.000000,0.000000
2.874300,0.000010,0.000000,0.000000
2.880400,0.000007,-0.000000,0.000000
2.886500,0.000006,-0.000000,0.000000
2.892600,0.000005,-0.000000,0.000000
2.898700,0.000004,-0.000000,0.000000
2.904800,0.000004,-0.000000,0.000000
2.910900,0.000003,-0.000000,0.000000
2.917000,0.000002,-0.000000,0.000000
2.923100,0.000002,-0.000000,0.000000
2.929200,0.000002,-0.000000,0.000000
2.935300,0.000002,-0.000000,0.000000
2.941400,0.000001,-0.000000,0.000000
2.947500,0.000001,-0.000000,0.000000
2.953600,0.000000,-0.000000,0.000000
2.959700,0.000000,-0.000000,0.000000
2.965800,0.000000,-0.000000,0.000000
2.971900,0.000000,-0.000000,0.000000
2.978000,0.000000,-0.000000,0.000000
2.984100,0.000000,-0.000000,0.000000
2.990200,0.000000,-0.000000,0.000000
2.996300,0.000000,-0.000000,0.000000
3.002400,0.000000,-0.000000,0.000000
3.008500,0.000000,-0.000000,0.000000
3.014600,0.000000,-0.000000,0.000000
3.020700,0.000000,-0.000000,0.000000
3.026800,0.000000,-0.000000,0.000000
3.032900,0.000000,-0.000000,0.000000
3.039000,0.000000,-0.000000,0.000000
3.045100,0.000000,-0.000000,0.000000
3.051200,0.000000,-0.000000,0.000000
3.057300,0.000000,-0.000000,0.000000
3.063400,0.000000,-0.000000,0.000000
3.069500,0.000000,-0.000000,0.000000
3.075600,0.000000,-0.000000,0.000000
3.081700,0.000000,-0.000000,0.000000
3.087800,0.000000,-0.000000,0.000000
3.093900,0.000000,-0.000000,0.000000
3.100000,0.000000,-0.000000,0.000000
