# energy,bc_sum,bcd_x_sum,bcd_y_sum
-3.000000,-0.000000,-0.000000,-0.000000
-2.993900,-0.000000,-0.000000,-0.000000
-2.987800,0.000000,0.000000,-0.000000
-2.981700,0.000000,0.000000,-0.000000
-2.975600,0.000000,0.000000,-0.000000
-2.969500,-0.000000,0.000000,-0.000000
-2.963400,-0.000000,-0.000000,-0.000000
-2.957300,0.000000,0.000000,-0.000000
-2.951200,0.000000,0.000000,-0.000001
-2.945100,-0.000000,-0.000000,-0.000001
-2.939000,0.000000,0.000000,-0.000001
-2.932900,-0.000000,-0.000000,-0.000001
-2.926800,0.000000,0.000000,-0.000001
-2.920700,-0.000000,-0.000000,-0.000001
-2.914600,0.000000,0.000000,-0.000001
-2.908500,-0.000000,-0.000000,-0.000002
-2.902400,-0.000000,-0.000000,-0.000002
-2.896300,-0.000000,-0.000000,-0.000002
-2.890200,0.000000,0.000000,-0.000002
-2.884100,-0.000000,-0.000000,-0.000003
-2.878000,0.000000,0.000000,-0.000003
-2.871900,-0.000000,-0.000000,-0.000003
-2.865800,0.000000,0.000000,-0.000004
-2.859700,0.000000,0.000000,-0.000004
-2.853600,-0.000000,-0.000000,-0.000004
-2.847500,0.000000,0.000000,-0.000005
-2.841400,0.000000,0.000000,-0.000005
-2.835300,-0.000000,-0.000000,-0.000006
-2.829200,-0.000000,-0.000000,-0.000006
-2.823100,0.000000,0.000000,-0.000006
-2.817000,0.000000,0.000000,-0.000007
-2.810900,0.000000,0.000000,-0.000007
-2.804800,-0.000000,-0.000000,-0.000008
-2.798700,-0.000000,-0.000000,-0.000009
-2.792600,-0.000000,-0.000000,-0.000009
-2.786500,-0.000000,-0.000000,-0.000010
-2.780400,-0.000000,-0.000000,-0.000010
-2.774300,-0.000000,-0.000000,-0.000011
-2.768200,-0.000000,-0.000000,-0.000012
-2.762100,0.000000,0.000000,-0.000012
-2.756000,-0.000000,-0.000000,-0.000013
-2.749900,-0.000000,-0.000000,-0.000014
-2.743800,0.000000,0.000000,-0.000014
-2.737700,-0.000000,-0.000000,-0.000015
-2.731600,0.000000,0.000000,-0.000016
-2.725500,0.000000,0.000000,-0.000017
-2.719400,-0.000000,-0.000000,-0.000018
-2.713300,-0.000000,-0.000000,-0.000018
-2.707200,-0.000000,-0.000000,-0.000018
-2.701100,0.000000,0.000000,-0.000020
-2.695000,0.000000,0.000000,-0.000021
-2.688900,-0.000000,-0.000000,-0.000022
-2.682800,0.000000,0.000000,-0.000023
-2.676700,0.000000,0.000000,-0.000024
-2.670600,0.000000,0.000000,-0.000025
-2.664500,-0.000000,-0.000000,-0.000026
-2.658400,-0.000000,-0.000000,-0.000028
-2.652300,-0.000000,-0.000000,-0.000029
-2.646200,0.000001,0.000000,-0.000030
-2.640100,0.000000,0.000000,-0.000031
-2.634000,-0.000000,-0.000000,-0.000032
-2.627900,-0.000001,-0.000000,-0.000034
-2.621800,-0.000000,-0.000000,-0.000035
-2.615700,0.000001,0.000000,-0.000036
-2.609600,-0.000001,-0.000000,-0.000038
-2.603500,-0.000000,-0.000000,-0.000039
-2.597400,-0.000000,-0.000000,-0.000041
-2.591300,0.000000,0.000000,-0.000042
-2.585200,-0.000001,-0.000000,-0.000044
-2.579100,0.000001,0.000000,-0.000045
-2.573000,0.000000,0.000000,-0.000047
-2.566900,-0.000000,-0.000000,-0.000048
-2.560800,0.000001,0.000000,-0.000050
-2.554700,0.000002,0.000000,-0.000052
-2.548600,-0.000000,-0.000000,-0.000053
-2.542500,0.000000,0.000000,-0.000055
-2.536400,0.000000,0.000000,-0.000057
-2.530300,-0.000002,-0.000000,-0.000059
-2.524200,0.000002,0.000000,-0.000061
-2.518100,-0.000001,-0.000000,-0.000063
-2.512000,0.000001,0.000000,-0.000065
-2.505900,-0.000001,-0.000000,-0.000067
-2.499800,-0.000000,-0.000000,-0.000069
-2.493700,0.000001,0.000000,-0.000071
-2.487600,-0.000002,-0.000000,-0.000073
-2.481500,0.000000,-0.000000,-0.000076
-2.475400,0.000000,-0.000000,-0.000078
-2.469300,-0.000000,-0.000000,-0.000080
-2.463200,-0.000003,-0.000000,-0.000083
-2.457100,0.000003,0.000000,-0.000085
-2.451000,0.000000,0.000000,-0.000088
-2.444900,-0.000001,-0.000000,-0.000090
-2.438800,0.000002,0.000000,-0.000093
-2.432700,0.000001,0.000000,-0.000096
-2.426600,-0.000002,-0.000000,-0.000098
-2.420500,0.000002,0.000000,-0.000101
-2.414400,0.000000,0.000000,-0.000104
-2.408300,-0.000000,-0.000000,-0.000107
-2.402200,-0.000002,-0.000000,-0.000110
-2.396100,0.000004,0.000000,-0.000113
-2.390000,-0.000003,-0.000000,-0.000116
-2.383900,0.000002,0.000000,-0.000119
-2.377800,-0.000004,-0.000000,-0.000123
-2.371700,0.000004,0.000000,-0.000126
-2.365600,0.000001,0.000000,-0.000129
-2.359500,-0.000002,-0.000000,-0.000133
-2.353400,-0.000000,-0.000000,-0.000136
-2.347300,-0.000000,-0.000000,-0.000140
-2.341200,0.000002,0.000000,-0.000143
-2.335100,-0.000003,-0.000000,-0.000147
-2.329000,0.000001,0.000000,-0.000151
-2.322900,-0.000003,-0.000000,-0.000155
-2.316800,-0.000003,-0.000000,-0.000155
-2.310700,0.000004,0.000000,-0.000159
-2.304600,-0.000005,-0.000000,-0.000167
-2.298500,-0.000000,-0.000000,-0.000171
-2.292400,-0.000000,-0.000000,-0.000171
-2.286300,0.000001,-0.000000,-0.000175
-2.280200,0.000004,0.000000,-0.000184
-2.274100,-0.000003,-0.000000,-0.000189
-2.268000,-0.000000,-0.000000,-0.000194
-2.261900,-0.000000,-0.000000,-0.000194
-2.255800,-0.000008,-0.000000,-0.000203
-2.249700,0.000006,0.000000,-0.000208
-2.243600,0.000007,0.000000,-0.000213
-2.237500,-0.000008,-0.000000,-0.000218
-2.231400,-0.000003,-0.000000,-0.000223
-2.225300,0.000001,-0.000000,-0.000229
-2.219200,-0.000007,-0.000000,-0.000234
-2.213100,-0.000002,-0.000000,-0.000240
-2.207000,0.000004,0.000000,-0.000245
-2.200900,0.000000,-0.000000,-0.000251
-2.194800,0.000006,0.000000,-0.000257
-2.188700,0.000001,-0.000000,-0.000263
-2.182600,-0.000006,-0.000000,-0.000269
-2.176500,0.000001,-0.000000,-0.000276
-2.170400,-0.000002,-0.000000,-0.000282
-2.164300,-0.000007,-0.000000,-0.000288
-2.158200,-0.000003,-0.000000,-0.000295
-2.152100,0.000005,0.000000,-0.000302
-2.146000,0.000006,0.000000,-0.000309
-2.139900,0.000006,0.000000,-0.000316
-2.133800,-0.000001,-0.000000,-0.000323
-2.127700,0.000004,-0.000000,-0.000330
-2.121600,-0.000010,-0.000001,-0.000338
-2.115500,-0.000008,-0.000001,-0.000345
-2.109400,0.000003,-0.000000,-0.000353
-2.103300,-0.000011,-0.000001,-0.000361
-2.097200,-0.000005,-0.000000,-0.000369
-2.091100,0.000002,-0.000000,-0.000377
-2.085000,-0.000000,-0.000000,-0.000385
-2.078900,-0.000004,-0.000000,-0.000394
-2.072800,0.000006,0.000000,-0.000403
-2.066700,0.000014,0.000000,-0.000411
-2.060600,0.000002,-0.000000,-0.000420
-2.054500,-0.000003,-0.000000,-0.000430
-2.048400,0.000003,-0.000000,-0.000439
-2.042300,0.000011,0.000000,-0.000449
-2.036200,0.000001,-0.000000,-0.000459
-2.030100,-0.000001,-0.000000,-0.000469
-2.024000,0.000001,-0.000000,-0.000479
-2.017900,0.000004,-0.000000,-0.000489
-2.011800,-0.000013,-0.000001,-0.000500
-2.005700,-0.000013,-0.000001,-0.000510
-1.999600,0.000004,-0.000000,-0.000521
-1.993500,0.000001,-0.000000,-0.000532
-1.987400,-0.000005,-0.000001,-0.000544
-1.981300,-0.000019,-0.000001,-0.000556
-1.975200,0.000009,-0.000000,-0.000567
-1.969100,0.000011,-0.000000,-0.000579
-1.963000,0.000009,-0.000000,-0.000592
-1.956900,-0.000006,-0.000001,-0.000604
-1.950800,-0.000002,-0.000001,-0.000617
-1.944700,0.000008,-0.000000,-0.000630
-1.938600,0.000009,-0.000000,-0.000644
-1.932500,-0.000012,-0.000001,-0.000658
-1.926400,-0.000015,-0.000001,-0.000671
-1.920300,0.000001,-0.000001,-0.000686
-1.914200,0.000012,-0.000000,-0.000700
-1.908100,0.000022,0.000000,-0.000714
-1.902000,0.000018,-0.000000,-0.000730
-1.895900,-0.000005,-0.000001,-0.000745
-1.889800,0.000007,-0.000000,-0.000761
-1.883700,0.000021,0.000000,-0.000776
-1.877600,0.000026,0.000000,-0.000793
-1.871500,0.000022,-0.000000,-0.000809
-1.865400,0.000017,-0.000000,-0.000826
-1.859300,0.000004,-0.000001,-0.000844
-1.853200,0.000022,-0.000000,-0.000861
-1.847100,0.000022,-0.000000,-0.000861
-1.841000,-0.000022,-0.000002,-0.000898
-1.834900,-0.000022,-0.000002,-0.000898
-1.828800,-0.000001,-0.000001,-0.000916
-1.822700,0.000014,-0.000001,-0.000955
-1.816600,0.000014,-0.000001,-0.000955
-1.810500,-0.000008,-0.000002,-0.000995
-1.804400,-0.000016,-0.000002,-0.001015
-1.798300,-0.000016,-0.000002,-0.001015
-1.792200,0.000018,-0.000001,-0.001058
-1.786100,0.000018,-0.000001,-0.001058
-1.780000,-0.000007,-0.000002,-0.001102
-1.773900,-0.000026,-0.000003,-0.001125
-1.767800,-0.000026,-0.000003,-0.001125
-1.761700,-0.000033,-0.000003,-0.001173
-1.755600,-0.000006,-0.000002,-0.001197
-1.749500,0.000001,-0.000002,-0.001221
-1.743400,0.000011,-0.000002,-0.001246
-1.737300,0.000011,-0.000002,-0.001246
-1.731200,0.000002,-0.000002,-0.001299
-1.725100,0.000003,-0.000002,-0.001325
-1.719000,-0.000007,-0.000002,-0.001353
-1.712900,-0.000004,-0.000002,-0.001381
-1.706800,-0.000010,-0.000003,-0.001410
-1.700700,-0.000031,-0.000004,-0.001439
-1.694600,-0.000021,-0.000004,-0.001469
-1.688500,0.000018,-0.000002,-0.001499
-1.682400,0.000028,-0.000002,-0.001529
-1.676300,0.000052,-0.000001,-0.001561
-1.670200,0.000046,-0.000001,-0.001593
-1.664100,-0.000003,-0.000003,-0.001627
-1.658000,-0.000030,-0.000005,-0.001661
-1.651900,-0.000022,-0.000004,-0.001695
-1.645800,0.000015,-0.000003,-0.001730
-1.639700,0.000003,-0.000004,-0.001766
-1.633600,0.000003,-0.000004,-0.001766
-1.627500,-0.000001,-0.000004,-0.001840
-1.621400,-0.000001,-0.000004,-0.001840
-1.615300,-0.000068,-0.000007,-0.001879
-1.609200,-0.000003,-0.000005,-0.001957
-1.603100,-0.000003,-0.000005,-0.001957
-1.597000,0.000000,-0.000005,-0.002039
-1.590900,0.000040,-0.000003,-0.002081
-1.584800,0.000040,-0.000003,-0.002081
-1.578700,0.000006,-0.000006,-0.002169
-1.572600,0.000006,-0.000006,-0.002169
-1.566500,0.000029,-0.000005,-0.002261
-1.560400,0.000043,-0.000004,-0.002308
-1.554300,0.000017,-0.000006,-0.002356
-1.548200,0.000018,-0.000006,-0.002406
-1.542100,-0.000073,-0.000010,-0.002457
-1.536000,-0.000060,-0.000011,-0.002509
-1.529900,0.000000,-0.000008,-0.002561
-1.523800,0.000000,-0.000008,-0.002561
-1.517700,-0.000040,-0.000010,-0.002670
-1.511600,-0.000046,-0.000010,-0.002726
-1.505500,0.000049,-0.000006,-0.002782
-1.499400,-0.000034,-0.000011,-0.002841
-1.493300,-0.000030,-0.000011,-0.002902
-1.487200,-0.000057,-0.000013,-0.002963
-1.481100,0.000034,-0.000009,-0.003025
-1.475000,0.000006,-0.000011,-0.003090
-1.468900,0.000051,-0.000009,-0.003155
-1.462800,0.000015,-0.000011,-0.003220
-1.456700,0.000065,-0.000010,-0.003288
-1.450600,-0.000073,-0.000017,-0.003361
-1.444500,-0.000062,-0.000017,-0.003432
-1.438400,-0.000029,-0.000015,-0.003505
-1.432300,0.000024,-0.000013,-0.003579
-1.426200,-0.000042,-0.000017,-0.003656
-1.420100,0.000044,-0.000013,-0.003732
-1.414000,0.000108,-0.000011,-0.003811
-1.407900,0.000108,-0.000011,-0.003811
-1.401800,0.000043,-0.000015,-0.003893
-1.395700,-0.000027,-0.000021,-0.004063
-1.389600,-0.000027,-0.000021,-0.004063
-1.383500,-0.000037,-0.000021,-0.004240
-1.377400,-0.000037,-0.000021,-0.004240
-1.371300,-0.000003,-0.000021,-0.004330
-1.365200,0.000017,-0.000020,-0.004518
-1.359100,0.000017,-0.000020,-0.004518
-1.353000,-0.000102,-0.000029,-0.004717
-1.346900,-0.000075,-0.000030,-0.004819
-1.340800,-0.000075,-0.000030,-0.004819
-1.334700,0.000074,-0.000023,-0.005028
-1.328600,0.000074,-0.000023,-0.005028
-1.322500,0.000031,-0.000026,-0.005246
-1.316400,0.000041,-0.000028,-0.005359
-1.310300,0.000041,-0.000028,-0.005359
-1.304200,-0.000066,-0.000038,-0.005598
-1.298100,-0.000194,-0.000044,-0.005721
-1.292000,-0.000035,-0.000037,-0.005845
-1.285900,-0.000035,-0.000037,-0.005845
-1.279800,0.000146,-0.000031,-0.006097
-1.273700,0.000242,-0.000027,-0.006228
-1.267600,0.000187,-0.000030,-0.006363
-1.261500,-0.000103,-0.000047,-0.006505
-1.255400,-0.000153,-0.000054,-0.006648
-1.249300,-0.000161,-0.000056,-0.006792
-1.243200,-0.000076,-0.000052,-0.006941
-1.237100,-0.000088,-0.000051,-0.007091
-1.231000,0.000023,-0.000049,-0.007242
-1.224900,0.000162,-0.000044,-0.007397
-1.218800,0.000195,-0.000043,-0.007554
-1.212700,0.000151,-0.000054,-0.007720
-1.206600,-0.000133,-0.000071,-0.007891
-1.200500,-0.000049,-0.000068,-0.008061
-1.194400,-0.000258,-0.000074,-0.008234
-1.188300,-0.000054,-0.000068,-0.008409
-1.182200,0.000071,-0.000065,-0.008586
-1.176100,0.000194,-0.000061,-0.008765
-1.170000,0.000053,-0.000072,-0.008955
-1.163900,-0.000121,0.000549,-0.008829
-1.157800,-0.000011,0.000899,-0.008841
-1.151700,0.000659,0.000497,-0.008747
-1.145600,0.000605,0.000516,-0.008873
-1.139500,0.000752,0.000376,-0.009101
-1.133400,0.000065,-0.000003,-0.008879
-1.127300,0.000262,0.000062,-0.008884
-1.121200,0.000382,0.000081,-0.008941
-1.115100,0.000119,0.000022,-0.009031
-1.109000,0.000111,0.000046,-0.009059
-1.102900,0.000423,0.000012,-0.009124
-1.096800,0.000391,-0.000032,-0.009201
-1.090700,0.000474,-0.000034,-0.009229
-1.084600,0.000474,-0.000034,-0.009229
-1.078500,0.000550,0.000082,-0.009234
-1.072400,0.000094,0.000477,-0.009033
-1.066300,0.000094,0.000477,-0.009033
-1.060200,0.000141,-0.000256,-0.009444
-1.054100,0.000022,0.001126,-0.008476
-1.048000,-0.001074,-0.000878,-0.008988
-1.041900,-0.000231,0.000135,-0.008636
-1.035800,-0.000231,0.000135,-0.008636
-1.029700,-0.000160,0.000029,-0.008399
-1.023600,0.000494,0.000246,-0.008264
-1.017500,0.000494,0.000246,-0.008264
-1.011400,0.000802,0.000166,-0.008131
-1.005300,0.000467,-0.000039,-0.008181
-0.999200,0.000592,0.000090,-0.008118
-0.993100,0.000053,0.000004,-0.008022
-0.987000,-0.000102,0.000105,-0.007961
-0.980900,0.000109,-0.000006,-0.007986
-0.974800,0.000086,0.000190,-0.007854
-0.968700,-0.000175,0.000057,-0.007697
-0.962600,0.000159,0.000012,-0.007713
-0.956500,0.000164,0.000013,-0.007521
-0.950400,0.000399,0.000113,-0.007447
-0.944300,0.000444,0.000276,-0.007359
-0.938200,0.000121,0.000117,-0.007427
-0.932100,0.000159,0.000091,-0.007464
-0.926000,0.000169,0.000028,-0.007402
-0.919900,-0.000109,0.000052,-0.007345
-0.913800,-0.000043,-0.000094,-0.007344
-0.907700,0.000021,-0.000061,-0.007317
-0.901600,-0.000114,0.000030,-0.007320
-0.895500,0.000081,0.000015,-0.007284
-0.889400,0.000169,0.000093,-0.007263
-0.883300,0.000274,-0.000009,-0.007291
-0.877200,0.000247,0.000062,-0.007241
-0.871100,0.000109,0.000088,-0.007261
-0.865000,0.000064,-0.000008,-0.007301
-0.858900,-0.000021,0.000048,-0.007273
-0.852800,-0.000210,0.000126,-0.007258
-0.846700,-0.000063,0.000093,-0.007286
-0.840600,-0.000054,-0.000010,-0.007338
-0.834500,-0.000145,0.000018,-0.007330
-0.828400,0.000086,0.000040,-0.007338
-0.822300,0.000231,-0.000001,-0.007390
-0.816200,0.000410,0.000005,-0.007401
-0.810100,0.000503,0.000041,-0.007425
-0.804000,0.000290,0.000126,-0.007440
-0.797900,0.000046,0.000044,-0.007476
-0.791800,-0.000184,0.000015,-0.007495
-0.785700,-0.000008,-0.000028,-0.007559
-0.779600,-0.000103,0.000066,-0.007564
-0.773500,-0.000226,0.000058,-0.007608
-0.767400,-0.000191,0.000040,-0.007667
-0.761300,-0.000235,0.000019,-0.007726
-0.755200,-0.000008,-0.000029,-0.007757
-0.749100,-0.000145,-0.001916,-0.007805
-0.743000,-0.000550,-0.001597,-0.007324
-0.736900,-0.000992,-0.000332,-0.006629
-0.730800,-0.000896,-0.000199,-0.006483
-0.724700,-0.001059,-0.000015,-0.006440
-0.718600,-0.001220,0.000716,-0.006156
-0.712500,-0.000351,0.000092,-0.005860
-0.706400,-0.000362,-0.000123,-0.005853
-0.700300,-0.000362,-0.000123,-0.005853
-0.694200,-0.000044,-0.000066,-0.005749
-0.688100,0.000005,-0.000067,-0.005662
-0.682000,-0.000382,0.000006,-0.005667
-0.675900,-0.000206,0.000012,-0.005618
-0.669800,-0.000206,0.000012,-0.005618
-0.663700,-0.000186,0.000007,-0.005625
-0.657600,0.000010,0.000040,-0.005619
-0.651500,-0.000110,0.000008,-0.005603
-0.645400,-0.000052,-0.000308,-0.005629
-0.639300,-0.000120,-0.000373,-0.005367
-0.633200,-0.000120,-0.000373,-0.005367
-0.627100,-0.000452,-0.000097,-0.005190
-0.621000,-0.000431,-0.000117,-0.005096
-0.614900,-0.000194,0.000226,-0.004806
-0.608800,-0.000190,0.000076,-0.004632
-0.602700,-0.000190,0.000076,-0.004632
-0.596600,0.000009,-0.000041,-0.004588
-0.590500,0.000037,0.000031,-0.004306
-0.584400,-0.000023,-0.000068,-0.004312
-0.578300,-0.000012,-0.000011,-0.004211
-0.572200,-0.000012,-0.000011,-0.004211
-0.566100,-0.000141,-0.000023,-0.004058
-0.560000,-0.000173,-0.000135,-0.003924
-0.553900,-0.000273,-0.000064,-0.003816
-0.547800,-0.000267,0.000029,-0.003701
-0.541700,-0.000055,0.000010,-0.003606
-0.535600,-0.000055,0.000010,-0.003606
-0.529500,0.000021,0.000001,-0.003373
-0.523400,-0.000081,0.000031,-0.003109
-0.517300,-0.000089,0.000063,-0.003000
-0.511200,-0.000108,-0.000046,-0.002992
-0.505100,-0.000108,-0.000046,-0.002992
-0.499000,-0.000093,-0.000007,-0.002913
-0.492900,-0.000068,-0.000034,-0.002933
-0.486800,-0.000031,-0.000033,-0.002844
-0.480700,-0.000084,0.000010,-0.002793
-0.474600,-0.000084,0.000010,-0.002793
-0.468500,-0.000045,0.000026,-0.002753
-0.462400,-0.000060,0.000016,-0.002706
-0.456300,-0.000057,-0.000055,-0.002676
-0.450200,-0.000050,-0.000035,-0.002612
-0.444100,-0.000046,-0.000070,-0.002623
-0.438000,-0.000045,-0.000094,-0.002626
-0.431900,-0.000026,-0.000006,-0.002521
-0.425800,-0.000037,-0.000046,-0.002484
-0.419700,-0.000050,-0.000079,-0.002480
-0.413600,-0.000095,-0.000088,-0.002477
-0.407500,-0.000028,-0.000021,-0.002402
-0.401400,-0.000057,-0.000061,-0.002387
-0.395300,-0.000026,0.000061,-0.002312
-0.389200,-0.000065,0.000029,-0.002287
-0.383100,-0.000051,0.000006,-0.002260
-0.377000,-0.000032,0.000001,-0.002243
-0.370900,-0.000045,-0.000133,-0.002243
-0.364800,-0.000042,0.000060,-0.002153
-0.358700,-0.000015,-0.000051,-0.002148
-0.352600,-0.000014,-0.000031,-0.002100
-0.346500,-0.000026,-0.000008,-0.002085
-0.340400,-0.000008,0.000004,-0.002047
-0.334300,-0.000014,-0.000034,-0.002035
-0.328200,-0.000024,-0.000021,-0.002006
-0.322100,-0.000029,0.000003,-0.001964
-0.316000,-0.000024,-0.000079,-0.001940
-0.309900,-0.000018,-0.000014,-0.001895
-0.303800,-0.000012,0.000015,-0.001883
-0.297700,-0.000026,0.000052,-0.001821
-0.291600,-0.000018,-0.000004,-0.001799
-0.285500,-0.000030,-0.000020,-0.001795
-0.279400,-0.000015,-0.000020,-0.001747
-0.273300,-0.000009,0.000002,-0.001726
-0.267200,-0.000009,0.000002,-0.001726
-0.261100,-0.000019,0.000002,-0.001695
-0.255000,-0.000010,0.000019,-0.001617
-0.248900,-0.000022,-0.000021,-0.001605
-0.242800,-0.000022,-0.000021,-0.001605
-0.236700,-0.000011,0.000003,-0.001579
-0.230600,-0.000009,-0.000025,-0.001545
-0.224500,-0.000015,0.000001,-0.001498
-0.218400,-0.000007,0.000013,-0.001464
-0.212300,-0.000007,0.000013,-0.001464
-0.206200,-0.000018,-0.000021,-0.001440
-0.200100,-0.000012,-0.000006,-0.001415
-0.194000,-0.000006,0.000007,-0.001347
-0.187900,-0.000012,0.000014,-0.001318
-0.181800,-0.000013,0.000005,-0.001290
-0.175700,-0.000013,0.000005,-0.001290
-0.169600,-0.000005,-0.000015,-0.001261
-0.163500,-0.000008,0.000036,-0.001197
-0.157400,-0.000003,-0.000004,-0.001185
-0.151300,-0.000004,-0.000008,-0.001151
-0.145200,-0.000004,-0.000008,-0.001151
-0.139100,-0.000006,0.000016,-0.001087
-0.133000,-0.000009,0.000009,-0.001047
-0.126900,-0.000006,-0.000005,-0.001021
-0.120800,-0.000005,-0.000021,-0.000997
-0.114700,-0.000004,-0.000020,-0.000966
-0.108600,-0.000002,-0.000008,-0.000927
-0.102500,-0.000003,0.000000,-0.000898
-0.096400,-0.000002,0.000010,-0.000853
-0.090300,-0.000004,-0.000013,-0.000827
-0.084200,-0.000001,-0.000011,-0.000793
-0.078100,-0.000005,0.000000,-0.000758
-0.072000,-0.000004,-0.000001,-0.000720
-0.065900,-0.000002,-0.000009,-0.000685
-0.059800,-0.000002,-0.000008,-0.000648
-0.053700,-0.000003,0.000003,-0.000602
-0.047600,-0.000003,0.000003,-0.000602
-0.041500,0.000000,-0.000002,-0.000514
-0.035400,-0.000001,0.000003,-0.000463
-0.029300,-0.000002,0.000001,-0.000411
-0.023200,-0.000001,0.000003,-0.000347
-0.017100,-0.000001,0.000003,-0.000347
-0.011000,-0.000002,0.000005,-0.000185
-0.004900,-0.000008,-0.000005,-0.000094
0.001200,-0.000000,-0.000003,-0.000226
0.007300,0.000001,-0.000008,-0.000311
0.013400,0.000003,-0.000004,-0.000376
0.019500,-0.000001,-0.000001,-0.000429
0.025600,0.000001,-0.000005,-0.000487
0.031700,0.000002,-0.000010,-0.000532
0.037800,0.000002,-0.000002,-0.000579
0.043900,0.000003,0.000012,-0.000614
0.050000,0.000001,0.000001,-0.000655
0.056100,0.000004,-0.000002,-0.000699
0.062200,0.000004,0.000002,-0.000735
0.068300,0.000003,0.000005,-0.000769
0.074400,0.000006,-0.000001,-0.000809
0.080500,0.000006,-0.000003,-0.000840
0.086600,0.000002,0.000021,-0.000869
0.092700,0.000004,0.000000,-0.000900
0.098800,0.000002,0.000000,-0.000940
0.104900,0.000004,0.000004,-0.000975
0.111000,0.000005,-0.000007,-0.001004
0.117100,0.000007,-0.000007,-0.001036
0.123200,0.000006,0.000005,-0.001063
0.129300,0.000006,-0.000012,-0.001094
0.135400,0.000008,-0.000011,-0.001127
0.141500,0.000008,-0.000011,-0.001158
0.147600,0.000008,0.000001,-0.001185
0.153700,0.000012,-0.000007,-0.001221
0.159800,0.000010,-0.000000,-0.001242
0.165900,0.000008,-0.000002,-0.001278
0.172000,0.000012,-0.000014,-0.001299
0.178100,0.000012,-0.000014,-0.001299
0.184200,0.000011,0.000014,-0.001323
0.190300,0.000012,0.000003,-0.001356
0.196400,0.000019,-0.000016,-0.001395
0.202500,0.000008,-0.000012,-0.001449
0.208600,0.000015,0.000017,-0.001469
0.214700,0.000015,0.000017,-0.001469
0.220800,0.000015,0.000015,-0.001489
0.226900,0.000016,0.000025,-0.001534
0.233000,0.000013,-0.000018,-0.001597
0.239100,0.000009,0.000004,-0.001616
0.245200,0.000009,0.000004,-0.001616
0.251300,0.000012,-0.000001,-0.001653
0.257400,0.000013,-0.000019,-0.001676
0.263500,0.000032,0.000030,-0.001736
0.269600,0.000012,0.000034,-0.001751
0.275700,0.000012,0.000034,-0.001751
0.281800,0.000032,0.000005,-0.001788
0.287900,0.000018,-0.000002,-0.001827
0.294000,0.000023,-0.000014,-0.001887
0.300100,0.000015,0.000020,-0.001892
0.306200,0.000017,-0.000047,-0.001955
0.312300,0.000017,-0.000047,-0.001955
0.318400,0.000015,0.000040,-0.001944
0.324500,0.000034,-0.000005,-0.002010
0.330600,0.000034,-0.000026,-0.002062
0.336700,0.000032,0.000003,-0.002087
0.342800,0.000032,0.000003,-0.002087
0.348900,0.000032,0.000033,-0.002134
0.355000,0.000038,0.000007,-0.002187
0.361100,0.000028,-0.000083,-0.002247
0.367200,0.000031,0.000044,-0.002235
0.373300,0.000031,0.000044,-0.002235
0.379400,0.000059,-0.000061,-0.002293
0.385500,0.000043,0.000041,-0.002353
0.391600,0.000045,-0.000044,-0.002367
0.397700,0.000017,-0.000029,-0.002432
0.403800,0.000094,0.000002,-0.002467
0.409900,0.000094,0.000002,-0.002467
0.416000,0.000016,0.000009,-0.002507
0.422100,0.000036,-0.000018,-0.002562
0.428200,0.000036,-0.000018,-0.002562
0.434300,0.000096,-0.000134,-0.002632
0.440400,0.000129,-0.000085,-0.002627
0.446500,0.000066,0.000003,-0.002676
0.452600,0.000017,-0.000002,-0.002721
0.458700,0.000045,-0.000017,-0.002764
0.464800,0.000062,-0.000111,-0.002823
0.470900,0.000084,-0.000088,-0.002842
0.477000,0.000048,0.000000,-0.002908
0.483100,0.000045,0.000009,-0.002914
0.489200,0.000161,-0.000058,-0.002978
0.495300,0.000169,0.000031,-0.002920
0.501400,0.000106,0.000048,-0.002916
0.507500,0.000049,0.000004,-0.003018
0.513600,0.000012,0.000082,-0.003165
0.519700,-0.000010,0.000081,-0.003412
0.525800,0.000079,-0.000020,-0.003557
0.531900,0.000140,-0.000020,-0.003654
0.538000,0.000189,0.000043,-0.003758
0.544100,0.000132,0.000107,-0.003863
0.550200,0.000175,0.000103,-0.003921
0.556300,0.000184,0.000166,-0.003945
0.562400,0.000078,0.000117,-0.004062
0.568500,0.000094,0.000148,-0.004205
0.574600,-0.000068,-0.000074,-0.004303
0.580700,-0.000161,-0.000094,-0.004427
0.586800,-0.000039,-0.000082,-0.004492
0.592900,0.000136,-0.000159,-0.004612
0.599000,0.000092,-0.000179,-0.004778
0.605100,0.000187,-0.000102,-0.004940
0.611200,0.000431,0.000165,-0.004966
0.617300,0.000390,0.000214,-0.005009
0.623400,0.000223,0.000203,-0.005094
0.629500,0.000181,0.000499,-0.005308
0.635600,0.000206,0.000058,-0.005571
0.641700,0.000098,-0.000046,-0.005644
0.647800,0.000163,0.000041,-0.005604
0.653900,0.000204,-0.000108,-0.005670
0.660000,0.000267,0.000040,-0.005599
0.666100,0.000214,-0.000020,-0.005666
0.672200,0.000181,-0.000012,-0.005651
0.678300,0.000073,0.000044,-0.005675
0.684400,0.000244,0.000036,-0.005711
0.690500,0.000349,0.000070,-0.005726
0.696600,0.000476,0.000049,-0.005855
0.702700,0.000822,-0.000311,-0.006105
0.708800,0.001291,0.000058,-0.006605
0.714900,0.001214,0.000126,-0.006590
0.721000,0.001123,0.000185,-0.006604
0.727100,0.000853,0.000237,-0.006658
0.733200,0.000331,0.001712,-0.006787
0.739300,0.000134,0.000938,-0.007297
0.745400,-0.000208,-0.000084,-0.007752
0.751500,-0.000512,-0.000133,-0.007731
0.757600,-0.000274,-0.000070,-0.007672
0.763700,-0.000264,-0.000044,-0.007623
0.769800,-0.000229,-0.000082,-0.007609
0.775900,0.000285,-0.000053,-0.007562
0.782000,0.000404,-0.000024,-0.007511
0.788100,0.000263,-0.000104,-0.007485
0.794200,0.000138,-0.000089,-0.007450
0.800300,0.000079,-0.000023,-0.007420
0.806400,-0.000063,-0.000041,-0.007401
0.812500,0.000040,-0.000055,-0.007363
0.818600,-0.000184,-0.000065,-0.007369
0.824700,-0.000384,-0.000104,-0.007348
0.830800,-0.000384,-0.000104,-0.007348
0.836900,-0.000324,-0.000009,-0.007324
0.843000,-0.000126,-0.000078,-0.007299
0.849100,0.000234,-0.000072,-0.007287
0.855200,0.000126,-0.000020,-0.007314
0.861300,0.000126,-0.000020,-0.007314
0.867400,0.000208,-0.000049,-0.007276
0.873500,0.000072,0.000016,-0.007286
0.879600,0.000045,-0.000099,-0.007311
0.885700,-0.000157,0.000011,-0.007321
0.891800,-0.000412,-0.000076,-0.007326
0.897900,-0.000412,-0.000076,-0.007326
0.904000,-0.000299,-0.000139,-0.007349
0.910100,-0.000112,-0.000085,-0.007412
0.916200,0.000124,-0.000054,-0.007451
0.922300,0.000058,-0.000124,-0.007494
0.928400,0.000058,-0.000124,-0.007494
0.934500,0.000037,-0.000041,-0.007477
0.940600,-0.000049,-0.000015,-0.007492
0.946700,0.000010,0.000109,-0.007583
0.952800,-0.000053,0.000004,-0.007772
0.958900,-0.000053,0.000004,-0.007772
0.965000,-0.000377,-0.000116,-0.007791
0.971100,-0.000174,-0.000105,-0.007998
0.977200,-0.000029,-0.000041,-0.008007
0.983300,0.000145,0.000044,-0.008040
0.989400,0.000029,0.000230,-0.008097
0.995500,0.000029,0.000230,-0.008097
1.001600,0.000008,-0.000029,-0.008203
1.007700,-0.000208,-0.000340,-0.008434
1.013800,-0.000389,-0.000064,-0.008409
1.019900,-0.000875,-0.000036,-0.008450
1.026000,-0.001009,0.000214,-0.008550
1.032100,-0.000543,-0.000287,-0.008706
1.038200,-0.001536,-0.000210,-0.008725
1.044300,-0.000548,-0.000372,-0.008955
1.050400,-0.000662,-0.000284,-0.009399
1.056500,-0.000134,-0.000135,-0.009266
1.062600,0.000134,-0.000162,-0.009342
1.068700,0.000035,-0.000039,-0.009337
1.074800,-0.000320,0.000020,-0.009239
1.080900,0.000181,-0.000071,-0.009157
1.087000,-0.000017,-0.000104,-0.009117
1.093100,-0.000474,-0.000088,-0.009074
1.099200,-0.000502,-0.000057,-0.009003
1.105300,-0.000154,-0.000109,-0.008992
1.111400,-0.000264,-0.000071,-0.009012
1.117500,-0.000512,-0.000114,-0.009017
1.123600,-0.000347,-0.000029,-0.008949
1.129700,-0.000122,-0.000040,-0.008949
1.135800,-0.000225,-0.000092,-0.009002
1.141900,-0.000375,0.000034,-0.008987
1.148000,-0.000398,-0.000410,-0.009227
1.154100,-0.000155,0.000062,-0.009036
1.160200,-0.000176,0.000063,-0.008850
1.166300,-0.000065,0.000068,-0.008665
1.172400,0.000392,0.000090,-0.008477
1.178500,0.000139,0.000077,-0.008302
1.184600,0.000042,0.000066,-0.008130
1.190700,0.000042,0.000066,-0.008130
1.196800,-0.000054,0.000055,-0.007794
1.202900,0.000104,0.000058,-0.007629
1.209000,-0.000009,0.000054,-0.007469
1.215100,-0.000098,0.000051,-0.007312
1.221200,-0.000045,0.000054,-0.007154
1.227300,-0.000127,0.000046,-0.007005
1.233400,-0.000127,0.000040,-0.006857
1.239500,-0.000126,0.000036,-0.006713
1.245600,-0.000107,0.000037,-0.006571
1.251700,-0.000003,0.000040,-0.006431
1.257800,0.000110,0.000044,-0.006292
1.263900,0.000132,0.000045,-0.006157
1.270000,0.000209,0.000049,-0.006025
1.276100,0.000030,0.000038,-0.005899
1.282200,-0.000120,0.000027,-0.005776
1.288300,-0.000194,0.000022,-0.005655
1.294400,-0.000057,0.000027,-0.005536
1.300500,-0.000058,0.000027,-0.005419
1.306600,0.000074,0.000031,-0.005303
1.312700,0.000051,0.000031,-0.005189
1.318800,0.000042,0.000031,-0.005079
1.324900,0.000118,0.000031,-0.004970
1.331000,0.000009,0.000024,-0.004866
1.337100,-0.000093,0.000020,-0.004765
1.343200,-0.000113,0.000017,-0.004665
1.349300,-0.000051,0.000019,-0.004568
1.355400,-0.000054,0.000018,-0.004471
1.361500,0.000003,0.000021,-0.004376
1.367600,0.000101,0.000024,-0.004283
1.373700,0.000077,0.000022,-0.004193
1.379800,-0.000090,0.000013,-0.004107
1.385900,-0.000030,0.000016,-0.004021
1.392000,-0.000024,0.000015,-0.003937
1.398100,0.000043,0.000017,-0.003853
1.404200,0.000103,0.000019,-0.003772
1.410300,0.000145,0.000021,-0.003693
1.416400,0.000068,0.000017,-0.003617
1.422500,-0.000028,0.000012,-0.003542
1.428600,-0.000086,0.000008,-0.003470
1.434700,-0.000063,0.000009,-0.003397
1.440800,-0.000034,0.000010,-0.003326
1.446900,0.000008,0.000011,-0.003257
1.453000,0.000013,0.000012,-0.003190
1.459100,0.000128,0.000016,-0.003122
1.465200,0.000070,0.000013,-0.003058
1.471300,0.000014,0.000010,-0.002995
1.477400,-0.000057,0.000006,-0.002934
1.483500,0.000016,0.000009,-0.002873
1.489600,-0.000008,0.000008,-0.002813
1.495700,0.000000,0.000008,-0.002756
1.501800,0.000037,0.000009,-0.002698
1.507900,0.000019,0.000008,-0.002643
1.514000,0.000018,0.000008,-0.002589
1.520100,-0.000044,0.000004,-0.002537
1.526200,-0.000041,0.000005,-0.002485
1.532300,0.000017,0.000007,-0.002434
1.538400,0.000036,0.000007,-0.002383
1.544500,0.000022,0.000007,-0.002334
1.550600,0.000034,0.000007,-0.002286
1.556700,0.000030,0.000006,-0.002240
1.562800,0.000006,0.000005,-0.002194
1.568900,0.000043,0.000006,-0.002149
1.575000,-0.000005,0.000004,-0.002106
1.581100,-0.000005,0.000004,-0.002106
1.587200,0.000004,0.000004,-0.002020
1.593300,-0.000021,0.000003,-0.001979
1.599400,-0.000021,0.000003,-0.001979
1.605500,-0.000068,0.000001,-0.001900
1.611600,-0.000068,0.000001,-0.001900
1.617700,0.000001,0.000003,-0.001823
1.623800,-0.000000,0.000003,-0.001786
1.629900,-0.000000,0.000003,-0.001786
1.636000,0.000036,0.000004,-0.001714
1.642100,0.000036,0.000004,-0.001714
1.648200,0.000006,0.000003,-0.001645
1.654300,0.000022,0.000003,-0.001612
1.660400,0.000022,0.000003,-0.001612
1.666500,0.000018,0.000003,-0.001547
1.672600,0.000018,0.000003,-0.001547
1.678700,-0.000011,0.000001,-0.001485
1.684800,-0.000011,0.000001,-0.001485
1.690900,-0.000009,0.000001,-0.001426
1.697000,-0.000004,0.000001,-0.001397
1.703100,-0.000004,0.000001,-0.001397
1.709200,0.000009,0.000002,-0.001341
1.715300,0.000009,0.000002,-0.001341
1.721400,-0.000031,-0.000000,-0.001287
1.727500,-0.000027,-0.000000,-0.001261
1.733600,-0.000027,-0.000000,-0.001261
1.739700,-0.000000,0.000001,-0.001210
1.745800,-0.000000,0.000001,-0.001210
1.751900,0.000004,0.000001,-0.001162
1.758000,-0.000032,-0.000001,-0.001139
1.764100,-0.000032,-0.000001,-0.001139
1.770200,0.000000,0.000001,-0.001093
1.776300,0.000000,0.000001,-0.001093
1.782400,0.000024,0.000001,-0.001048
1.788500,-0.000005,0.000000,-0.001027
1.794600,-0.000005,0.000000,-0.001027
1.800700,-0.000011,-0.000000,-0.000986
1.806800,-0.000011,-0.000000,-0.000986
1.812900,0.000021,0.000001,-0.000946
1.819000,0.000019,0.000001,-0.000927
1.825100,0.000019,0.000001,-0.000927
1.831200,-0.000006,-0.000000,-0.000890
1.837300,-0.000006,-0.000000,-0.000890
1.843400,0.000024,0.000001,-0.000853
1.849500,0.000001,-0.000000,-0.000836
1.855600,0.000001,-0.000000,-0.000836
1.861700,0.000005,0.000000,-0.000803
1.867800,0.000005,0.000000,-0.000803
1.873900,0.000022,0.000001,-0.000770
1.880000,0.000011,0.000000,-0.000754
1.886100,-0.000003,-0.000000,-0.000739
1.892200,-0.000001,-0.000000,-0.000724
1.898300,-0.000001,-0.000000,-0.000724
1.904400,0.000016,0.000000,-0.000694
1.910500,0.000015,0.000000,-0.000679
1.916600,0.000007,-0.000000,-0.000665
1.922700,0.000005,-0.000000,-0.000652
1.928800,0.000005,-0.000000,-0.000652
1.934900,0.000014,0.000000,-0.000625
1.941000,0.000011,-0.000000,-0.000612
1.947100,0.000007,-0.000000,-0.000599
1.953200,0.000007,-0.000000,-0.000587
1.959300,0.000021,0.000000,-0.000574
1.965400,0.000004,-0.000000,-0.000563
1.971500,-0.000005,-0.000001,-0.000551
1.977600,-0.000009,-0.000001,-0.000539
1.983700,0.000001,-0.000001,-0.000528
1.989800,0.000001,-0.000001,-0.000528
1.995900,-0.000012,-0.000001,-0.000506
2.002000,-0.000008,-0.000001,-0.000495
2.008100,-0.000007,-0.000001,-0.000485
2.014200,-0.000007,-0.000001,-0.000475
2.020300,-0.000007,-0.000001,-0.000475
2.026400,-0.000008,-0.000001,-0.000455
2.032500,-0.000000,-0.000001,-0.000445
2.038600,-0.000005,-0.000001,-0.000435
2.044700,-0.000002,-0.000001,-0.000426
2.050800,-0.000002,-0.000001,-0.000426
2.056900,0.000011,-0.000000,-0.000408
2.063000,0.000013,-0.000000,-0.000399
2.069100,-0.000001,-0.000001,-0.000390
2.075200,0.000005,-0.000001,-0.000382
2.081300,0.000011,-0.000000,-0.000374
2.087400,0.000001,-0.000001,-0.000366
2.093500,-0.000006,-0.000001,-0.000358
2.099600,-0.000002,-0.000001,-0.000350
2.105700,0.000003,-0.000001,-0.000342
2.111800,-0.000013,-0.000001,-0.000335
2.117900,-0.000003,-0.000001,-0.000327
2.124000,-0.000002,-0.000001,-0.000320
2.130100,-0.000002,-0.000001,-0.000313
2.136200,0.000010,-0.000000,-0.000306
2.142300,0.000005,-0.000001,-0.000299
2.148400,0.000002,-0.000001,-0.000292
2.154500,0.000005,-0.000001,-0.000286
2.160600,-0.000000,-0.000001,-0.000279
2.166700,-0.000006,-0.000001,-0.000273
2.172800,-0.000009,-0.000001,-0.000267
2.178900,0.000001,-0.000001,-0.000261
2.185000,0.000006,-0.000001,-0.000255
2.191100,-0.000001,-0.000001,-0.000249
2.197200,0.000005,-0.000001,-0.000243
2.203300,-0.000000,-0.000001,-0.000238
2.209400,-0.000000,-0.000001,-0.000232
2.215500,-0.000002,-0.000001,-0.000227
2.221600,0.000002,-0.000001,-0.000221
2.227700,-0.000002,-0.000001,-0.000216
2.233800,0.000003,-0.000001,-0.000211
2.239900,0.000000,-0.000001,-0.000206
2.246000,-0.000001,-0.000001,-0.000201
2.252100,0.000002,-0.000001,-0.000196
2.258200,-0.000004,-0.000001,-0.000192
2.264300,-0.000001,-0.000001,-0.000187
2.270400,0.000006,-0.000001,-0.000182
2.276500,-0.000003,-0.000001,-0.000178
2.282600,-0.000000,-0.000001,-0.000174
2.288700,0.000000,-0.000001,-0.000169
2.294800,-0.000006,-0.000001,-0.000165
2.300900,0.000004,-0.000001,-0.000161
2.307000,-0.000002,-0.000001,-0.000157
2.313100,-0.000003,-0.000001,-0.000153
2.319200,-0.000002,-0.000001,-0.000149
2.325300,-0.000003,-0.000001,-0.000146
2.331400,0.000001,-0.000001,-0.000142
2.337500,-0.000002,-0.000001,-0.000138
2.343600,-0.000001,-0.000001,-0.000135
2.349700,-0.000003,-0.000001,-0.000131
2.355800,0.000000,-0.000001,-0.000128
2.361900,0.000002,-0.000001,-0.000124
2.368000,-0.000003,-0.000001,-0.000121
2.374100,-0.000001,-0.000001,-0.000118
2.380200,0.000000,-0.000001,-0.000115
2.386300,0.000006,-0.000001,-0.000112
2.392400,-0.000002,-0.000001,-0.000109
2.398500,0.000002,-0.000001,-0.000106
2.404600,-0.000001,-0.000001,-0.000103
2.410700,0.000001,-0.000001,-0.000100
2.416800,-0.000003,-0.000001,-0.000097
2.422900,0.000003,-0.000001,-0.000095
2.429000,0.000001,-0.000001,-0.000092
2.435100,-0.000000,-0.000001,-0.000089
2.441200,0.000000,-0.000001,-0.000087
2.447300,0.000002,-0.000001,-0.000084
2.453400,-0.000003,-0.000001,-0.000082
2.459500,0.000001,-0.000001,-0.000079
2.465600,0.000001,-0.000001,-0.000079
2.471700,-0.000001,-0.000001,-0.000075
2.477800,-0.000001,-0.000001,-0.000075
2.483900,-0.000002,-0.000001,-0.000073
2.490000,-0.000001,-0.000001,-0.000068
2.496100,-0.000001,-0.000001,-0.000068
2.502200,0.000002,-0.000001,-0.000064
2.508300,0.000002,-0.000001,-0.000064
2.514400,0.000000,-0.000001,-0.000062
2.520500,-0.000002,-0.000001,-0.000058
2.526600,-0.000002,-0.000001,-0.000058
2.532700,0.000002,-0.000001,-0.000055
2.538800,0.000002,-0.000001,-0.000055
2.544900,0.000001,-0.000001,-0.000053
2.551000,0.000001,-0.000001,-0.000049
2.557100,0.000001,-0.000001,-0.000049
2.563200,-0.000001,-0.000001,-0.000046
2.569300,-0.000001,-0.000001,-0.000046
2.575400,0.000001,-0.000001,-0.000044
2.581500,-0.000001,-0.000001,-0.000041
2.587600,-0.000001,-0.000001,-0.000041
2.593700,0.000001,-0.000001,-0.000039
2.599800,0.000001,-0.000001,-0.000039
2.605900,-0.000001,-0.000001,-0.000037
2.612000,0.000000,-0.000001,-0.000034
2.618100,0.000000,-0.000001,-0.000034
2.624200,0.000000,-0.000001,-0.000032
2.630300,0.000000,-0.000001,-0.000032
2.636400,0.000000,-0.000001,-0.000029
2.642500,0.000001,-0.000001,-0.000028
2.648600,0.000001,-0.000001,-0.000028
2.654700,0.000000,-0.000001,-0.000026
2.660800,0.000000,-0.000001,-0.000026
2.666900,-0.000000,-0.000001,-0.000024
2.673000,-0.000000,-0.000001,-0.000023
2.679100,-0.000000,-0.000001,-0.000023
2.685200,-0.000000,-0.000001,-0.000021
2.691300,-0.000000,-0.000001,-0.000021
2.697400,0.000001,-0.000001,-0.000019
2.703500,0.000001,-0.000001,-0.000018
2.709600,0.000001,-0.000001,-0.000018
2.715700,0.000000,-0.000001,-0.000016
2.721800,0.000000,-0.000001,-0.000016
2.727900,0.000000,-0.000001,-0.000015
2.734000,0.000000,-0.000001,-0.000014
2.740100,0.000000,-0.000001,-0.000013
2.746200,-0.000000,-0.000001,-0.000013
2.752300,-0.000000,-0.000001,-0.000012
2.758400,-0.000000,-0.000001,-0.000011
2.764500,-0.000000,-0.000001,-0.000011
2.770600,0.000000,-0.000001,-0.000010
2.776700,0.000000,-0.000001,-0.000009
2.782800,-0.000000,-0.000001,-0.000009
2.788900,0.000000,-0.000001,-0.000008
2.795000,0.000000,-0.000001,-0.000008
2.801100,0.000000,-0.000001,-0.000007
2.807200,0.000000,-0.000001,-0.000007
2.813300,-0.000000,-0.000001,-0.000006
2.819400,0.000000,-0.000001,-0.000006
2.825500,0.000000,-0.000001,-0.000005
2.831600,-0.000000,-0.000001,-0.000005
2.837700,0.000000,-0.000001,-0.000005
2.843800,0.000000,-0.000001,-0.000004
2.849900,-0.000000,-0.000001,-0.000004
2.856000,-0.000000,-0.000001,-0.000004
2.862100,0.000000,-0.000001,-0.000003
2.868200,-0.000000,-0.000001,-0.000003
2.874300,-0.000000,-0.000001,-0.000003
2.880400,0.000000,-0.000001,-0.000002
2.886500,0.000000,-0.000001,-0.000002
2.892600,0.000000,-0.000001,-0.000002
2.898700,0.000000,-0.000001,-0.000002
2.904800,0.000000,-0.000001,-0.000002
2.910900,-0.000000,-0.000001,-0.000001
2.917000,-0.000000,-0.000001,-0.000001
2.923100,-0.000000,-0.000001,-0.000001
2.929200,-0.000000,-0.000001,-0.000001
2.935300,-0.000000,-0.000001,-0.000001
2.941400,0.000000,-0.000001,-0.000001
2.947500,0.000000,-0.000001,-0.000000
2.953600,0.000000,-0.000001,-0.000000
2.959700,0.000000,-0.000001,-0.000000
2.965800,0.000000,-0.000001,-0.000000
2.971900,0.000000,-0.000001,-0.000000
2.978000,0.000000,-0.000001,-0.000000
2.984100,0.000000,-0.000001,-0.000000
2.990200,0.000000,-0.000001,-0.000000
2.996300,0.000000,-0.000001,-0.000000
3.002400,-0.000000,-0.000001,-0.000000
3.008500,-0.000000,-0.000001,-0.000000
3.014600,-0.000000,-0.000001,-0.000000
3.020700,-0.000000,-0.000001,-0.000000
3.026800,-0.000000,-0.000001,-0.000000
3.032900,-0.000000,-0.000001,-0.000000
3.039000,-0.000000,-0.000001,-0.000000
3.045100,-0.000000,-0.000001,-0.000000
3.051200,-0.000000,-0.000001,-0.000000
3.057300,-0.000000,-0.000001,-0.000000
3.063400,-0.000000,-0.000001,-0.000000
3.069500,-0.000000,-0.000001,-0.000000
3.075600,-0.000000,-0.000001,-0.000000
3.081700,-0.000000,-0.000001,-0.000000
3.087800,-0.000000,-0.000001,-0.000000
3.093900,-0.000000,-0.000001,-0.000000
3.100000,-0.000000,-0.000001,-0.000000
