# energy,bc_sum,bcd_x_sum,bcd_y_sum
-3.000000,0.000030,0.000000,-0.000023
-2.993900,0.000038,0.000000,-0.000029
-2.987800,0.000045,0.000001,-0.000035
-2.981700,0.000053,0.000001,-0.000042
-2.975600,0.000061,0.000001,-0.000049
-2.969500,0.000069,0.000001,-0.000056
-2.963400,0.000078,0.000001,-0.000063
-2.957300,0.000086,0.000001,-0.000071
-2.951200,0.000095,0.000001,-0.000079
-2.945100,0.000104,0.000001,-0.000087
-2.939000,0.000113,0.000001,-0.000095
-2.932900,0.000122,0.000001,-0.000104
-2.926800,0.000131,0.000001,-0.000113
-2.920700,0.000141,0.000002,-0.000122
-2.914600,0.000151,0.000002,-0.000132
-2.908500,0.000161,0.000003,-0.000142
-2.902400,0.000171,0.000004,-0.000152
-2.896300,0.000181,0.000004,-0.000163
-2.890200,0.000192,0.000004,-0.000175
-2.884100,0.000203,0.000005,-0.000186
-2.878000,0.000214,0.000007,-0.000198
-2.871900,0.000225,0.000010,-0.000209
-2.865800,0.000237,0.000014,-0.000221
-2.859700,0.000249,0.000018,-0.000235
-2.853600,0.000260,0.000020,-0.000247
-2.847500,0.000272,0.000022,-0.000262
-2.841400,0.000284,0.000024,-0.000275
-2.835300,0.000297,0.000025,-0.000290
-2.829200,0.000310,0.000027,-0.000306
-2.823100,0.000323,0.000028,-0.000324
-2.817000,0.000336,0.000029,-0.000340
-2.810900,0.000349,0.000031,-0.000356
-2.804800,0.000363,0.000033,-0.000374
-2.798700,0.000378,0.000035,-0.000393
-2.792600,0.000392,0.000036,-0.000413
-2.786500,0.000407,0.000038,-0.000434
-2.780400,0.000421,0.000040,-0.000453
-2.774300,0.000437,0.000042,-0.000475
-2.768200,0.000452,0.000045,-0.000497
-2.762100,0.000467,0.000047,-0.000519
-2.756000,0.000483,0.000049,-0.000542
-2.749900,0.000501,0.000052,-0.000569
-2.743800,0.000517,0.000054,-0.000595
-2.737700,0.000534,0.000057,-0.000621
-2.731600,0.000552,0.000060,-0.000649
-2.725500,0.000570,0.000062,-0.000678
-2.719400,0.000587,0.000066,-0.000708
-2.713300,0.000606,0.000069,-0.000738
-2.707200,0.000606,0.000069,-0.000738
-2.701100,0.000644,0.000076,-0.000802
-2.695000,0.000662,0.000079,-0.000835
-2.688900,0.000683,0.000083,-0.000872
-2.682800,0.000703,0.000087,-0.000907
-2.676700,0.000723,0.000090,-0.000947
-2.670600,0.000742,0.000094,-0.000984
-2.664500,0.000766,0.000099,-0.001025
-2.658400,0.000787,0.000103,-0.001070
-2.652300,0.000808,0.000108,-0.001113
-2.646200,0.000833,0.000113,-0.001158
-2.640100,0.000856,0.000118,-0.001206
-2.634000,0.000882,0.000124,-0.001255
-2.627900,0.000905,0.000129,-0.001306
-2.621800,0.000930,0.000134,-0.001361
-2.615700,0.000955,0.000140,-0.001413
-2.609600,0.000979,0.000146,-0.001469
-2.603500,0.001007,0.000153,-0.001528
-2.597400,0.001032,0.000160,-0.001590
-2.591300,0.001061,0.000168,-0.001659
-2.585200,0.001091,0.000177,-0.001725
-2.579100,0.001119,0.000185,-0.001792
-2.573000,0.001147,0.000194,-0.001862
-2.566900,0.001177,0.000203,-0.001939
-2.560800,0.001210,0.000215,-0.002013
-2.554700,0.001240,0.000226,-0.002101
-2.548600,0.001276,0.000239,-0.002186
-2.542500,0.001305,0.000250,-0.002270
-2.536400,0.001337,0.000260,-0.002358
-2.530300,0.001376,0.000276,-0.002459
-2.524200,0.001412,0.000292,-0.002562
-2.518100,0.001448,0.000307,-0.002659
-2.512000,0.001486,0.000323,-0.002776
-2.505900,0.001523,0.000339,-0.002877
-2.499800,0.001563,0.000359,-0.003005
-2.493700,0.001607,0.000382,-0.003122
-2.487600,0.001647,0.000403,-0.003268
-2.481500,0.001688,0.000422,-0.003387
-2.475400,0.001736,0.000449,-0.003546
-2.469300,0.001780,0.000476,-0.003696
-2.463200,0.001829,0.000502,-0.003851
-2.457100,0.001873,0.000525,-0.004012
-2.451000,0.001928,0.000560,-0.004184
-2.444900,0.001983,0.000595,-0.004382
-2.438800,0.002036,0.000629,-0.004559
-2.432700,0.002086,0.000660,-0.004758
-2.426600,0.002150,0.000709,-0.004966
-2.420500,0.002215,0.000762,-0.005201
-2.414400,0.002277,0.000809,-0.005434
-2.408300,0.002331,0.000851,-0.005681
-2.402200,0.002404,0.000919,-0.005918
-2.396100,0.002481,0.000993,-0.006216
-2.390000,0.002538,0.001042,-0.006467
-2.383900,0.002624,0.001143,-0.006801
-2.377800,0.002707,0.001247,-0.007109
-2.371700,0.002788,0.001335,-0.007455
-2.365600,0.002865,0.001427,-0.007784
-2.359500,0.002963,0.001555,-0.008171
-2.353400,0.003064,0.001696,-0.008596
-2.347300,0.003146,0.001792,-0.008991
-2.341200,0.003269,0.001979,-0.009420
-2.335100,0.003383,0.002172,-0.009989
-2.329000,0.003482,0.002291,-0.010359
-2.322900,0.003621,0.002546,-0.011026
-2.316800,0.003621,0.002546,-0.011026
-2.310700,0.003761,0.002820,-0.011561
-2.304600,0.004058,0.003365,-0.012850
-2.298500,0.004230,0.003763,-0.013641
-2.292400,0.004230,0.003763,-0.013641
-2.286300,0.004394,0.004112,-0.014231
-2.280200,0.004801,0.005207,-0.015959
-2.274100,0.005012,0.005737,-0.016913
-2.268000,0.005248,0.006447,-0.017886
-2.261900,0.005248,0.006447,-0.017886
-2.255800,0.005804,0.008129,-0.020090
-2.249700,0.006173,0.009390,-0.021423
-2.243600,0.006568,0.010979,-0.022863
-2.237500,0.006876,0.011852,-0.023731
-2.231400,0.007434,0.014255,-0.025744
-2.225300,0.007987,0.016825,-0.027178
-2.219200,0.008564,0.018531,-0.028807
-2.213100,0.009359,0.022769,-0.030824
-2.207000,0.010335,0.027530,-0.032558
-2.200900,0.011398,0.030311,-0.033854
-2.194800,0.013302,0.037659,-0.034419
-2.188700,0.014743,0.045958,-0.035600
-2.182600,0.015873,0.053079,-0.037651
-2.176500,0.017200,0.069139,-0.040858
-2.170400,0.018274,0.074626,-0.043774
-2.164300,0.019420,0.089806,-0.046112
-2.158200,0.020676,0.096184,-0.052288
-2.152100,0.022027,0.120163,-0.054775
-2.146000,0.024012,0.120127,-0.070816
-2.139900,0.026088,0.134009,-0.086586
-2.133800,0.028690,0.140231,-0.113120
-2.127700,0.032112,0.153395,-0.147764
-2.121600,0.036778,0.151903,-0.202801
-2.115500,0.043415,0.152444,-0.281673
-2.109400,0.053557,0.152823,-0.405032
-2.103300,0.069964,0.153372,-0.608142
-2.097200,0.100840,0.161546,-0.950079
-2.091100,0.178512,0.214561,-1.312222
-2.085000,0.323534,0.087549,-0.663544
-2.078900,0.388270,0.065798,-0.457995
-2.072800,0.429129,-0.010041,-0.337865
-2.066700,0.455283,-0.049666,-0.261080
-2.060600,0.471449,-0.089151,-0.193319
-2.054500,0.413433,-0.033907,0.291137
-2.048400,0.302310,-0.073932,0.509514
-2.042300,0.218306,-0.052724,0.465732
-2.036200,0.150389,-0.053740,0.392173
-2.030100,0.093115,-0.043404,0.323591
-2.024000,0.043215,-0.015072,0.264881
-2.017900,-0.001093,-0.006856,0.217606
-2.011800,-0.041966,0.025459,0.179197
-2.005700,-0.079432,0.042663,0.147901
-1.999600,-0.114368,0.055264,0.115176
-1.993500,-0.147000,0.070618,0.084584
-1.987400,-0.178409,0.056057,0.051370
-1.981300,-0.209111,0.016267,0.017324
-1.975200,-0.237977,-0.003194,-0.005639
-1.969100,-0.266782,-0.021251,-0.030646
-1.963000,-0.295521,-0.048696,-0.062920
-1.956900,-0.323391,-0.068219,-0.093108
-1.950800,-0.352035,-0.084443,-0.124898
-1.944700,-0.380129,-0.086186,-0.163553
-1.938600,-0.408422,-0.050045,-0.199633
-1.932500,-0.406687,-0.049005,-0.220980
-1.926400,-0.392616,-0.053204,-0.221989
-1.920300,-0.378501,-0.065265,-0.232005
-1.914200,-0.364791,-0.062967,-0.231617
-1.908100,-0.349430,-0.077824,-0.242525
-1.902000,-0.334634,-0.085725,-0.242523
-1.895900,-0.319483,-0.083251,-0.243065
-1.889800,-0.303852,-0.090196,-0.244345
-1.883700,-0.288703,-0.098020,-0.240912
-1.877600,-0.273474,-0.096838,-0.240515
-1.871500,-0.258414,-0.093603,-0.234808
-1.865400,-0.243123,-0.098618,-0.232878
-1.859300,-0.228251,-0.100423,-0.226730
-1.853200,-0.213642,-0.100026,-0.220179
-1.847100,-0.213642,-0.100026,-0.220179
-1.841000,-0.185076,-0.094921,-0.204381
-1.834900,-0.185076,-0.094921,-0.204381
-1.828800,-0.171196,-0.086390,-0.193831
-1.822700,-0.144411,-0.069053,-0.171023
-1.816600,-0.144411,-0.069053,-0.171023
-1.810500,-0.118860,-0.057360,-0.145014
-1.804400,-0.106208,-0.053683,-0.133421
-1.798300,-0.106208,-0.053683,-0.133421
-1.792200,-0.081459,-0.049962,-0.111694
-1.786100,-0.081459,-0.049962,-0.111694
-1.780000,-0.056309,-0.040850,-0.090188
-1.773900,-0.043228,-0.031858,-0.080521
-1.767800,-0.043228,-0.031858,-0.080521
-1.761700,-0.012830,-0.012186,-0.069005
-1.755600,0.005993,0.003541,-0.064513
-1.749500,0.030620,0.015435,-0.065108
-1.743400,0.069048,0.028399,-0.069113
-1.737300,0.069048,0.028399,-0.069113
-1.731200,0.119674,0.041438,-0.064861
-1.725100,0.141864,0.051964,-0.065783
-1.719000,0.163734,0.054319,-0.068490
-1.712900,0.185615,0.063373,-0.072116
-1.706800,0.207726,0.066674,-0.079410
-1.700700,0.231098,0.068161,-0.081750
-1.694600,0.255277,0.070526,-0.086642
-1.688500,0.279836,0.072794,-0.096466
-1.682400,0.306000,0.074956,-0.101740
-1.676300,0.333502,0.079513,-0.107549
-1.670200,0.362242,0.082212,-0.115151
-1.664100,0.392484,0.085997,-0.122988
-1.658000,0.424178,0.088328,-0.131632
-1.651900,0.457387,0.096361,-0.137587
-1.645800,0.492463,0.101110,-0.146902
-1.639700,0.529252,0.105502,-0.153274
-1.633600,0.529252,0.105502,-0.153274
-1.627500,0.607824,0.118185,-0.165978
-1.621400,0.607824,0.118185,-0.165978
-1.615300,0.649927,0.120081,-0.174842
-1.609200,0.739340,0.128807,-0.189058
-1.603100,0.739340,0.128807,-0.189058
-1.597000,0.836142,0.129235,-0.204268
-1.590900,0.888077,0.128448,-0.210525
-1.584800,0.888077,0.128448,-0.210525
-1.578700,0.996885,0.129373,-0.222827
-1.572600,0.996885,0.129373,-0.222827
-1.566500,1.113535,0.128418,-0.233705
-1.560400,1.175197,0.127719,-0.238191
-1.554300,1.238113,0.128021,-0.239190
-1.548200,1.257063,0.153278,-0.157149
-1.542100,1.271434,0.171518,-0.084404
-1.536000,1.285457,0.182912,-0.016181
-1.529900,1.298947,0.190060,0.046963
-1.523800,1.298947,0.190060,0.046963
-1.517700,1.324639,0.208193,0.154247
-1.511600,1.337926,0.212889,0.204175
-1.505500,1.349505,0.221405,0.247692
-1.499400,1.361266,0.224035,0.299029
-1.493300,1.372781,0.238370,0.338356
-1.487200,1.382717,0.239748,0.369121
-1.481100,1.394675,0.249247,0.407165
-1.475000,1.404029,0.245234,0.443166
-1.468900,1.413305,0.254638,0.474417
-1.462800,1.422751,0.254729,0.514831
-1.456700,1.430193,0.256038,0.535951
-1.450600,1.437591,0.260709,0.574949
-1.444500,1.443705,0.258538,0.594177
-1.438400,1.450265,0.258583,0.626044
-1.432300,1.456559,0.270852,0.655048
-1.426200,1.460936,0.261975,0.679987
-1.420100,1.465527,0.259835,0.701331
-1.414000,1.469181,0.264408,0.731861
-1.407900,1.469181,0.264408,0.731861
-1.401800,1.472810,0.263642,0.752834
-1.395700,1.476746,0.260856,0.798430
-1.389600,1.476746,0.260856,0.798430
-1.383500,1.478620,0.260645,0.839940
-1.377400,1.478620,0.260645,0.839940
-1.371300,1.478164,0.258828,0.851779
-1.365200,1.476061,0.250267,0.882926
-1.359100,1.476061,0.250267,0.882926
-1.353000,1.471331,0.252014,0.923042
-1.346900,1.469290,0.244583,0.954665
-1.340800,1.469290,0.244583,0.954665
-1.334700,1.462911,0.243327,0.966866
-1.328600,1.462911,0.243327,0.966866
-1.322500,1.456061,0.235802,0.983373
-1.316400,1.453265,0.231095,0.991244
-1.310300,1.453265,0.231095,0.991244
-1.304200,1.442999,0.225931,0.991383
-1.298100,1.439149,0.217545,0.996765
-1.292000,1.434505,0.222374,0.988057
-1.285900,1.434505,0.222374,0.988057
-1.279800,1.424301,0.211550,0.967979
-1.273700,1.418000,0.202512,0.945298
-1.267600,1.412247,0.197960,0.921765
-1.261500,1.405293,0.192855,0.886568
-1.255400,1.398598,0.180108,0.850184
-1.249300,1.389044,0.164826,0.802081
-1.243200,1.378507,0.145437,0.732606
-1.237100,1.366600,0.138258,0.676726
-1.231000,1.353098,0.118001,0.587372
-1.224900,1.335642,0.103945,0.495371
-1.218800,1.313012,0.094164,0.401747
-1.212700,1.287962,0.083488,0.304008
-1.206600,1.257647,0.075048,0.214642
-1.200500,1.220591,0.067125,0.127186
-1.194400,1.176916,0.063612,0.064145
-1.188300,1.128671,0.055136,-0.000164
-1.182200,1.075511,0.059917,-0.047299
-1.176100,1.018406,0.052229,-0.091219
-1.170000,0.961417,0.053964,-0.125167
-1.163900,0.903389,0.048712,-0.156440
-1.157800,0.845493,0.049046,-0.184890
-1.151700,0.784841,0.037173,-0.218138
-1.145600,0.726466,0.041832,-0.253356
-1.139500,0.665978,0.029929,-0.292088
-1.133400,0.605268,0.028647,-0.321103
-1.127300,0.542766,0.022697,-0.360540
-1.121200,0.478976,0.016369,-0.402739
-1.115100,0.410388,0.006125,-0.464922
-1.109000,0.333305,-0.003773,-0.543427
-1.102900,0.251693,-0.020120,-0.630579
-1.096800,0.186831,-0.022580,-0.675705
-1.090700,0.127966,-0.029948,-0.695687
-1.084600,0.127966,-0.029948,-0.695687
-1.078500,0.027921,-0.021425,-0.695605
-1.072400,-0.016535,-0.015991,-0.689685
-1.066300,-0.016535,-0.015991,-0.689685
-1.060200,-0.097523,0.000277,-0.641503
-1.054100,-0.134302,0.006190,-0.616650
-1.048000,-0.169580,0.011631,-0.583413
-1.041900,-0.202218,0.012477,-0.553661
-1.035800,-0.202218,0.012477,-0.553661
-1.029700,-0.262752,0.018485,-0.498129
-1.023600,-0.292071,0.019519,-0.470484
-1.017500,-0.292071,0.019519,-0.470484
-1.011400,-0.346465,0.020300,-0.422881
-1.005300,-0.373255,0.021324,-0.397562
-0.999200,-0.399067,0.019275,-0.375430
-0.993100,-0.425121,0.018995,-0.359228
-0.987000,-0.449798,0.018289,-0.337819
-0.980900,-0.475240,0.016303,-0.320137
-0.974800,-0.501940,0.015426,-0.301830
-0.968700,-0.525296,0.011622,-0.289658
-0.962600,-0.550324,0.011270,-0.269007
-0.956500,-0.575060,0.006260,-0.247010
-0.950400,-0.599493,0.005082,-0.242629
-0.944300,-0.626284,0.003115,-0.216008
-0.938200,-0.650547,0.001491,-0.209416
-0.932100,-0.677841,-0.002657,-0.205881
-0.926000,-0.702314,-0.007522,-0.198449
-0.919900,-0.730218,-0.012776,-0.182305
-0.913800,-0.756228,-0.018316,-0.173395
-0.907700,-0.785226,-0.025241,-0.167086
-0.901600,-0.812338,-0.032145,-0.162720
-0.895500,-0.842046,-0.039970,-0.157963
-0.889400,-0.872266,-0.046536,-0.149284
-0.883300,-0.902354,-0.053572,-0.135122
-0.877200,-0.933956,-0.058856,-0.124323
-0.871100,-0.966290,-0.065027,-0.115910
-0.865000,-0.999501,-0.068613,-0.110920
-0.858900,-1.034208,-0.072454,-0.112735
-0.852800,-1.070591,-0.075901,-0.102857
-0.846700,-1.107241,-0.078512,-0.095763
-0.840600,-1.145042,-0.077551,-0.094656
-0.834500,-1.185667,-0.078672,-0.086907
-0.828400,-1.227340,-0.077255,-0.085815
-0.822300,-1.270628,-0.078246,-0.081635
-0.816200,-1.315275,-0.076048,-0.077312
-0.810100,-1.362630,-0.074650,-0.077019
-0.804000,-1.411760,-0.071473,-0.070498
-0.797900,-1.463523,-0.070139,-0.067887
-0.791800,-1.517272,-0.069796,-0.068503
-0.785700,-1.574284,-0.065445,-0.064896
-0.779600,-1.633853,-0.063346,-0.062189
-0.773500,-1.696594,-0.061437,-0.060556
-0.767400,-1.762987,-0.058811,-0.058493
-0.761300,-1.833174,-0.056308,-0.056685
-0.755200,-1.907273,-0.053707,-0.057453
-0.749100,-1.986095,-0.051303,-0.054651
-0.743000,-2.069853,-0.047539,-0.054262
-0.736900,-2.159099,-0.046198,-0.052781
-0.730800,-2.254308,-0.043232,-0.052941
-0.724700,-2.355991,-0.041524,-0.053526
-0.718600,-2.465508,-0.038167,-0.051188
-0.712500,-2.582879,-0.035728,-0.051386
-0.706400,-2.709774,-0.033061,-0.051590
-0.700300,-2.709774,-0.033061,-0.051590
-0.694200,-2.846813,-0.031204,-0.052125
-0.688100,-3.157760,-0.026103,-0.053099
-0.682000,-3.335218,-0.023331,-0.052233
-0.675900,-3.529764,-0.020535,-0.052908
-0.669800,-3.529764,-0.020535,-0.052908
-0.663700,-3.744580,-0.018205,-0.052019
-0.657600,-3.982578,-0.016013,-0.052164
-0.651500,-4.545887,-0.012630,-0.046140
-0.645400,-4.882340,-0.009343,-0.039427
-0.639300,-5.265743,-0.001997,-0.027696
-0.633200,-5.265743,-0.001997,-0.027696
-0.627100,-5.678392,0.012355,-0.010822
-0.621000,-5.674983,0.012465,-0.007404
-0.614900,-5.673272,0.012458,-0.006539
-0.608800,-5.671408,0.012558,-0.004370
-0.602700,-5.671408,0.012558,-0.004370
-0.596600,-5.669496,0.012588,-0.003700
-0.590500,-5.665644,0.012719,-0.000009
-0.584400,-5.663681,0.012767,0.002008
-0.578300,-5.661510,0.012813,0.004350
-0.572200,-5.661510,0.012813,0.004350
-0.566100,-5.659427,0.012863,0.005206
-0.560000,-5.655012,0.012950,0.008205
-0.553900,-5.652806,0.013020,0.010330
-0.547800,-5.650376,0.013049,0.012325
-0.541700,-5.648025,0.013079,0.014682
-0.535600,-5.648025,0.013079,0.014682
-0.529500,-5.642884,0.013165,0.017810
-0.523400,-5.640668,0.013172,0.019434
-0.517300,-5.637781,0.013203,0.020167
-0.511200,-5.635437,0.013147,0.022618
-0.505100,-5.635437,0.013147,0.022618
-0.499000,-5.629853,0.013155,0.026640
-0.492900,-5.627057,0.013157,0.029456
-0.486800,-5.624273,0.013150,0.030504
-0.480700,-5.621385,0.013075,0.033594
-0.474600,-5.621385,0.013075,0.033594
-0.468500,-5.615229,0.012917,0.036947
-0.462400,-5.285985,0.000739,0.058369
-0.456300,-4.903454,-0.007685,0.075403
-0.450200,-4.566841,-0.011778,0.088246
-0.444100,-4.267758,-0.013606,0.094814
-0.438000,-4.000466,-0.015363,0.101397
-0.431900,-3.760579,-0.017821,0.105750
-0.425800,-3.542874,-0.020167,0.108521
-0.419700,-3.345580,-0.023368,0.109600
-0.413600,-3.164532,-0.025748,0.111866
-0.407500,-2.999199,-0.028872,0.112486
-0.401400,-2.846487,-0.031805,0.115046
-0.395300,-2.705408,-0.035055,0.114185
-0.389200,-2.574907,-0.037884,0.117234
-0.383100,-2.452757,-0.040665,0.118118
-0.377000,-2.339280,-0.044393,0.120229
-0.370900,-2.232670,-0.046986,0.122035
-0.364800,-2.132900,-0.051324,0.124341
-0.358700,-2.038865,-0.054444,0.126715
-0.352600,-1.950410,-0.058996,0.127619
-0.346500,-1.866410,-0.062200,0.132829
-0.340400,-1.787316,-0.067393,0.133802
-0.334300,-1.711965,-0.070783,0.137928
-0.328200,-1.640776,-0.075656,0.142250
-0.322100,-1.572352,-0.082283,0.145511
-0.316000,-1.506949,-0.086529,0.148835
-0.309900,-1.444746,-0.094648,0.153285
-0.303800,-1.384565,-0.098695,0.157320
-0.297700,-1.327974,-0.106514,0.164501
-0.291600,-1.272217,-0.109686,0.170386
-0.285500,-1.219909,-0.112981,0.173273
-0.279400,-1.168048,-0.119169,0.181835
-0.273300,-1.118206,-0.114693,0.184279
-0.267200,-1.118206,-0.114693,0.184279
-0.261100,-1.070711,-0.120048,0.192951
-0.255000,-0.978384,-0.125760,0.207043
-0.248900,-0.933835,-0.123608,0.219598
-0.242800,-0.933835,-0.123608,0.219598
-0.236700,-0.890939,-0.124930,0.232531
-0.230600,-0.848707,-0.123027,0.235978
-0.224500,-0.765580,-0.122819,0.269066
-0.218400,-0.725305,-0.121827,0.284358
-0.212300,-0.725305,-0.121827,0.284358
-0.206200,-0.684996,-0.123402,0.291792
-0.200100,-0.642699,-0.119112,0.311463
-0.194000,-0.554760,-0.111485,0.348403
-0.187900,-0.501943,-0.110393,0.357479
-0.181800,-0.442891,-0.106696,0.371446
-0.175700,-0.442891,-0.106696,0.371446
-0.169600,-0.401691,-0.102305,0.384792
-0.163500,-0.341819,-0.089881,0.449266
-0.157400,-0.321007,-0.077853,0.488856
-0.151300,-0.305005,-0.070133,0.542895
-0.145200,-0.305005,-0.070133,0.542895
-0.139100,-0.293714,-0.067079,0.695168
-0.133000,-0.299492,-0.068806,0.801868
-0.126900,-0.315886,-0.068577,0.944445
-0.120800,-0.345940,-0.066167,1.144188
-0.114700,-0.396213,-0.059954,1.394377
-0.108600,-0.474104,-0.052320,1.738624
-0.102500,-0.598714,-0.047729,2.190050
-0.096400,-0.795352,-0.055798,2.776176
-0.090300,-1.056906,-0.116202,3.614692
-0.084200,-1.413845,-0.249180,4.880545
-0.078100,-1.942407,-0.508593,6.799766
-0.072000,-2.804684,-0.991321,9.393742
-0.065900,-4.442758,-1.231978,8.086200
-0.059800,-5.404217,0.090487,-0.567180
-0.053700,-5.346386,0.085834,-0.636212
-0.047600,-5.346386,0.085834,-0.636212
-0.041500,-5.208842,0.075912,-0.829378
-0.035400,-3.624030,-1.256762,-10.621408
-0.029300,-2.301353,-0.799750,-9.307378
-0.023200,-1.473519,-0.432706,-7.206552
-0.017100,-1.473519,-0.432706,-7.206552
-0.011000,-0.369479,-0.088914,-5.229036
-0.004900,0.089728,0.021254,-5.067495
0.001200,0.558388,0.136974,-5.370745
0.007300,1.089582,0.292862,-6.203368
0.013400,1.763207,0.553634,-7.715974
0.019500,2.737533,0.998382,-9.802922
0.025600,4.422462,1.010498,-7.475863
0.031700,5.238969,-0.078004,-0.805286
0.037800,5.308395,-0.083675,-0.707854
0.043900,5.370165,-0.086757,-0.630159
0.050000,5.425594,-0.090238,-0.566025
0.056100,3.650470,1.335913,10.775565
0.062200,2.408279,0.767676,8.694365
0.068300,1.706899,0.384352,6.140777
0.074400,1.258566,0.186560,4.423501
0.080500,0.945632,0.085724,3.304821
0.086600,0.709748,0.050385,2.562504
0.092700,0.543077,0.054169,2.021948
0.098800,0.439489,0.056478,1.607679
0.104900,0.373908,0.062088,1.295519
0.111000,0.332474,0.062155,1.061460
0.117100,0.308045,0.060625,0.883480
0.123200,0.296487,0.065334,0.742738
0.129300,0.294160,0.065658,0.645005
0.135400,0.298820,0.068602,0.568884
0.141500,0.311246,0.076196,0.504431
0.147600,0.328897,0.080559,0.474482
0.153700,0.351794,0.090536,0.437558
0.159800,0.381759,0.097470,0.421030
0.165900,0.416684,0.101763,0.409460
0.172000,0.461486,0.109116,0.398561
0.178100,0.461486,0.109116,0.398561
0.184200,0.524117,0.115786,0.409973
0.190300,0.573669,0.112447,0.397705
0.196400,0.616334,0.119947,0.393653
0.202500,0.701097,0.120817,0.368984
0.208600,0.740462,0.123980,0.355896
0.214700,0.740462,0.123980,0.355896
0.220800,0.782169,0.118786,0.341946
0.226900,0.823263,0.122409,0.327858
0.233000,0.908552,0.125826,0.301463
0.239100,0.950878,0.122147,0.288907
0.245200,0.950878,0.122147,0.288907
0.251300,0.996397,0.124095,0.277069
0.257400,1.042265,0.120875,0.258173
0.263500,1.137935,0.118427,0.241246
0.269600,1.187645,0.112432,0.237381
0.275700,1.187645,0.112432,0.237381
0.281800,1.240312,0.111093,0.225902
0.287900,1.294221,0.107488,0.216986
0.294000,1.408802,0.099341,0.203199
0.300100,1.469316,0.090564,0.195388
0.306200,1.532791,0.085705,0.188312
0.312300,1.532791,0.085705,0.188312
0.318400,1.598469,0.078802,0.181096
0.324500,1.740861,0.069261,0.173076
0.330600,1.818613,0.066439,0.166018
0.336700,1.899327,0.060565,0.161728
0.342800,1.899327,0.060565,0.161728
0.348900,1.984947,0.058332,0.156143
0.355000,2.171475,0.049844,0.150258
0.361100,2.274199,0.046696,0.145086
0.367200,2.382999,0.042802,0.143288
0.373300,2.382999,0.042802,0.143288
0.379400,2.499967,0.039076,0.140278
0.385500,2.759988,0.033221,0.136746
0.391600,2.905149,0.030406,0.135708
0.397700,3.062970,0.027444,0.132519
0.403800,3.234099,0.024319,0.132997
0.409900,3.234099,0.024319,0.132997
0.416000,3.626203,0.019000,0.127385
0.422100,3.852206,0.016822,0.126179
0.428200,3.852206,0.016822,0.126179
0.434300,4.381638,0.013061,0.117175
0.440400,4.694668,0.010472,0.106782
0.446500,5.048160,0.004907,0.095303
0.452600,5.451579,-0.005742,0.074537
0.458700,5.616604,-0.013003,0.065179
0.464800,5.619872,-0.013071,0.062364
0.470900,5.622692,-0.013091,0.059286
0.477000,5.625633,-0.013179,0.057043
0.483100,5.628541,-0.013166,0.054104
0.489200,5.631271,-0.013225,0.051379
0.495300,5.633909,-0.013145,0.049433
0.501400,5.636647,-0.013193,0.046256
0.507500,5.639265,-0.013133,0.044656
0.513600,5.641930,-0.013171,0.042844
0.519700,5.644306,-0.013150,0.041707
0.525800,5.646889,-0.013122,0.038818
0.531900,5.649212,-0.013059,0.037658
0.538000,5.651546,-0.013055,0.034498
0.544100,5.654026,-0.012960,0.032258
0.550200,5.656134,-0.012995,0.031079
0.556300,5.658489,-0.012910,0.029017
0.562400,5.660426,-0.012898,0.028449
0.568500,5.662682,-0.012808,0.026287
0.574600,5.664663,-0.012804,0.024996
0.580700,5.666742,-0.012704,0.022183
0.586800,5.668616,-0.012677,0.020329
0.592900,5.670563,-0.012584,0.018543
0.599000,5.672465,-0.012571,0.017901
0.605100,5.674163,-0.012496,0.016534
0.611200,5.675923,-0.012493,0.014293
0.617300,5.677712,-0.012373,0.013171
0.623400,5.525429,-0.005517,0.002494
0.629500,5.109045,0.005568,-0.015806
0.635600,4.745226,0.010949,-0.025710
0.641700,4.424821,0.013228,-0.033016
0.647800,4.140221,0.014936,-0.036857
0.653900,3.886191,0.017028,-0.039407
0.660000,3.657687,0.018880,-0.041588
0.666100,3.451176,0.021719,-0.042998
0.672200,3.263655,0.024344,-0.042018
0.678300,3.092578,0.026878,-0.043598
0.684400,2.936003,0.029399,-0.043990
0.690500,2.791774,0.032012,-0.044266
0.696600,2.658978,0.034346,-0.045415
0.702700,2.535992,0.036770,-0.045417
0.708800,2.421814,0.038548,-0.046928
0.714900,2.315554,0.041394,-0.047894
0.721000,2.216306,0.044852,-0.047417
0.727100,2.123631,0.045785,-0.048268
0.733200,2.036513,0.048860,-0.048231
0.739300,1.954925,0.053211,-0.050241
0.745400,1.877917,0.055760,-0.052658
0.751500,1.805493,0.056775,-0.055275
0.757600,1.736544,0.058366,-0.055916
0.763700,1.671878,0.061806,-0.058182
0.769800,1.610325,0.065327,-0.057752
0.775900,1.551739,0.067885,-0.061940
0.782000,1.496289,0.068559,-0.065160
0.788100,1.442769,0.071031,-0.065367
0.794200,1.392405,0.071654,-0.072398
0.800300,1.343931,0.074226,-0.071248
0.806400,1.297696,0.074776,-0.073526
0.812500,1.253357,0.077157,-0.079780
0.818600,1.210718,0.076716,-0.082909
0.824700,1.169575,0.080595,-0.085699
0.830800,1.169575,0.080595,-0.085699
0.836900,1.130619,0.078224,-0.087459
0.843000,1.056580,0.073491,-0.092448
0.849100,1.020394,0.070371,-0.097494
0.855200,0.986516,0.067787,-0.107321
0.861300,0.986516,0.067787,-0.107321
0.867400,0.952967,0.062989,-0.109128
0.873500,0.890166,0.049914,-0.112004
0.879600,0.860041,0.045292,-0.119077
0.885700,0.830399,0.037229,-0.127933
0.891800,0.801283,0.029714,-0.127490
0.897900,0.801283,0.029714,-0.127490
0.904000,0.745347,0.015436,-0.138758
0.910100,0.720220,0.010408,-0.152676
0.916200,0.692886,0.006571,-0.147853
0.922300,0.667043,0.000710,-0.172989
0.928400,0.667043,0.000710,-0.172989
0.934500,0.640743,-0.002104,-0.168422
0.940600,0.591750,-0.004949,-0.186391
0.946700,0.565172,-0.008032,-0.195143
0.952800,0.541750,-0.009968,-0.211401
0.958900,0.541750,-0.009968,-0.211401
0.965000,0.515261,-0.011813,-0.221247
0.971100,0.466208,-0.018081,-0.246089
0.977200,0.440276,-0.020194,-0.264021
0.983300,0.415856,-0.020275,-0.282022
0.989400,0.389213,-0.020264,-0.291411
0.995500,0.389213,-0.020264,-0.291411
1.001600,0.337649,-0.020829,-0.331364
1.007700,0.308317,-0.022212,-0.353039
1.013800,0.280294,-0.017508,-0.376273
1.019900,0.252030,-0.017574,-0.391462
1.026000,0.221209,-0.013406,-0.415309
1.032100,0.189281,-0.012227,-0.436898
1.038200,0.155959,-0.007035,-0.455487
1.044300,0.119353,-0.003983,-0.479560
1.050400,0.083574,0.001865,-0.509937
1.056500,0.044178,0.010163,-0.532817
1.062600,0.001895,0.018705,-0.555599
1.068700,-0.045940,0.023112,-0.581881
1.074800,-0.096240,0.027931,-0.602713
1.080900,-0.149285,0.026825,-0.606964
1.087000,-0.210544,0.020812,-0.596192
1.093100,-0.280041,0.016500,-0.553377
1.099200,-0.366556,0.001745,-0.463174
1.105300,-0.437310,-0.007582,-0.395933
1.111400,-0.503279,-0.018580,-0.351998
1.117500,-0.567629,-0.023938,-0.310021
1.123600,-0.627881,-0.031679,-0.285510
1.129700,-0.689057,-0.035829,-0.253302
1.135800,-0.749937,-0.043455,-0.219989
1.141900,-0.808786,-0.043959,-0.192166
1.148000,-0.866443,-0.049700,-0.167950
1.154100,-0.925880,-0.051894,-0.139695
1.160200,-0.984226,-0.057167,-0.112521
1.166300,-1.040723,-0.057456,-0.086289
1.172400,-1.094872,-0.058617,-0.054955
1.178500,-1.147524,-0.058662,-0.025704
1.184600,-1.193677,-0.064144,0.029270
1.190700,-1.193677,-0.064144,0.029270
1.196800,-1.269509,-0.076425,0.171747
1.202900,-1.299254,-0.087945,0.254838
1.209000,-1.322253,-0.094031,0.346313
1.215100,-1.341491,-0.110233,0.425682
1.221200,-1.357314,-0.126991,0.504286
1.227300,-1.372783,-0.142810,0.583562
1.233400,-1.382982,-0.156534,0.648882
1.239500,-1.391136,-0.174732,0.712485
1.245600,-1.400149,-0.185753,0.767333
1.251700,-1.408419,-0.195051,0.812754
1.257800,-1.414570,-0.200729,0.851037
1.263900,-1.420725,-0.206315,0.872321
1.270000,-1.426188,-0.212487,0.906428
1.276100,-1.431445,-0.215999,0.913909
1.282200,-1.434938,-0.220318,0.931533
1.288300,-1.441311,-0.222612,0.939757
1.294400,-1.445974,-0.224779,0.937733
1.300500,-1.448931,-0.226627,0.945813
1.306600,-1.453221,-0.235229,0.945847
1.312700,-1.456613,-0.238683,0.943173
1.318800,-1.461632,-0.241425,0.936770
1.324900,-1.464192,-0.236572,0.926521
1.331000,-1.466790,-0.245808,0.929300
1.337100,-1.470162,-0.254330,0.909961
1.343200,-1.472144,-0.250027,0.909949
1.349300,-1.475232,-0.260591,0.886894
1.355400,-1.476596,-0.254107,0.874198
1.361500,-1.478515,-0.252886,0.858876
1.367600,-1.477978,-0.262729,0.838063
1.373700,-1.477499,-0.262624,0.821347
1.379800,-1.476935,-0.262319,0.807117
1.385900,-1.474855,-0.264288,0.789653
1.392000,-1.473712,-0.262307,0.761269
1.398100,-1.470932,-0.264132,0.746672
1.404200,-1.467703,-0.259661,0.716178
1.410300,-1.463585,-0.264364,0.694741
1.416400,-1.459399,-0.264362,0.661854
1.422500,-1.454276,-0.266459,0.634668
1.428600,-1.448652,-0.264957,0.609407
1.434700,-1.440126,-0.256696,0.578644
1.440800,-1.434511,-0.264676,0.542414
1.446900,-1.426795,-0.257183,0.519086
1.453000,-1.417889,-0.251920,0.482805
1.459100,-1.409536,-0.249797,0.458132
1.465200,-1.399738,-0.248353,0.417589
1.471300,-1.389942,-0.248285,0.389832
1.477400,-1.379222,-0.238747,0.350314
1.483500,-1.368093,-0.233223,0.310137
1.489600,-1.357276,-0.226748,0.277086
1.495700,-1.344406,-0.217823,0.226460
1.501800,-1.332524,-0.217051,0.183576
1.507900,-1.319283,-0.202468,0.146224
1.514000,-1.306916,-0.195763,0.092138
1.520100,-1.293358,-0.187138,0.036902
1.526200,-1.279557,-0.176668,-0.027358
1.532300,-1.265499,-0.164269,-0.105454
1.538400,-1.251009,-0.144624,-0.184127
1.544500,-1.212712,-0.127296,-0.226575
1.550600,-1.150237,-0.131178,-0.225921
1.556700,-1.089804,-0.128301,-0.224260
1.562800,-1.031100,-0.129598,-0.217768
1.568900,-0.974528,-0.130057,-0.216251
1.575000,-0.919723,-0.128554,-0.212623
1.581100,-0.919723,-0.128554,-0.212623
1.587200,-0.816442,-0.129358,-0.198549
1.593300,-0.767801,-0.128725,-0.190151
1.599400,-0.767801,-0.128725,-0.190151
1.605500,-0.675990,-0.123733,-0.176709
1.611600,-0.675990,-0.123733,-0.176709
1.617700,-0.591458,-0.112955,-0.156494
1.623800,-0.551934,-0.108476,-0.146945
1.629900,-0.551934,-0.108476,-0.146945
1.636000,-0.478276,-0.097938,-0.126019
1.642100,-0.478276,-0.097938,-0.126019
1.648200,-0.411190,-0.089048,-0.105708
1.654300,-0.380123,-0.085525,-0.093326
1.660400,-0.380123,-0.085525,-0.093326
1.666500,-0.321968,-0.076181,-0.074617
1.672600,-0.321968,-0.076181,-0.074617
1.678700,-0.269549,-0.071477,-0.059613
1.684800,-0.269549,-0.071477,-0.059613
1.690900,-0.222048,-0.068668,-0.041379
1.697000,-0.198900,-0.064081,-0.039427
1.703100,-0.198900,-0.064081,-0.039427
1.709200,-0.154605,-0.056601,-0.027472
1.715300,-0.154605,-0.056601,-0.027472
1.721400,-0.110450,-0.038588,-0.020129
1.727500,-0.085862,-0.033355,-0.017811
1.733600,-0.085862,-0.033355,-0.017811
1.739700,-0.020174,-0.011648,-0.023793
1.745800,-0.020174,-0.011648,-0.023793
1.751900,0.019725,0.015007,-0.040053
1.758000,0.034792,0.028044,-0.054174
1.764100,0.034792,0.028044,-0.054174
1.770200,0.061583,0.046203,-0.074673
1.776300,0.061583,0.046203,-0.074673
1.782400,0.086667,0.049938,-0.094833
1.788500,0.099298,0.049869,-0.105473
1.794600,0.099298,0.049869,-0.105473
1.800700,0.124010,0.060503,-0.122773
1.806800,0.124010,0.060503,-0.122773
1.812900,0.149956,0.073857,-0.139281
1.819000,0.163217,0.083070,-0.145894
1.825100,0.163217,0.083070,-0.145894
1.831200,0.191024,0.097401,-0.161001
1.837300,0.191024,0.097401,-0.161001
1.843400,0.219584,0.099385,-0.171788
1.849500,0.234354,0.098541,-0.177612
1.855600,0.234354,0.098541,-0.177612
1.861700,0.264548,0.099688,-0.186006
1.867800,0.264548,0.099688,-0.186006
1.873900,0.294846,0.096502,-0.194764
1.880000,0.310570,0.086852,-0.198863
1.886100,0.325960,0.091992,-0.201302
1.892200,0.340592,0.078045,-0.200762
1.898300,0.340592,0.078045,-0.200762
1.904400,0.370644,0.067267,-0.198247
1.910500,0.384402,0.059264,-0.196927
1.916600,0.398519,0.058319,-0.190011
1.922700,0.411885,0.031644,-0.191995
1.928800,0.411885,0.031644,-0.191995
1.934900,0.369046,0.084365,-0.115337
1.941000,0.341154,0.077349,-0.084008
1.947100,0.312453,0.066353,-0.054396
1.953200,0.284529,0.040335,-0.028781
1.959300,0.256103,0.012940,-0.018937
1.965400,0.227035,-0.005569,0.003443
1.971500,0.197410,-0.041639,0.009639
1.977600,0.166747,-0.066983,0.035676
1.983700,0.134755,-0.070066,0.060196
1.989800,0.134755,-0.070066,0.060196
1.995900,0.065084,-0.034710,0.136663
2.002000,0.026784,-0.010405,0.181370
2.008100,-0.015380,0.010173,0.230586
2.014200,-0.061836,0.025518,0.285423
2.020300,-0.061836,0.025518,0.285423
2.026400,-0.175441,0.046082,0.426185
2.032500,-0.248685,0.062100,0.501114
2.038600,-0.341344,0.067371,0.484874
2.044700,-0.468903,0.087567,-0.066759
2.050800,-0.468903,0.087567,-0.066759
2.056900,-0.445953,0.038096,-0.285554
2.063000,-0.414736,-0.009122,-0.406812
2.069100,-0.366492,-0.075177,-0.572610
2.075200,-0.284789,-0.109262,-0.873383
2.081300,-0.136211,-0.202300,-1.328381
2.087400,-0.085765,-0.159711,-0.883667
2.093500,-0.062195,-0.153956,-0.597761
2.099600,-0.048812,-0.155336,-0.433101
2.105700,-0.040257,-0.155697,-0.328144
2.111800,-0.034567,-0.151595,-0.258751
2.117900,-0.030297,-0.149749,-0.211615
2.124000,-0.027296,-0.133925,-0.173158
2.130100,-0.024908,-0.129301,-0.145538
2.136200,-0.022948,-0.112817,-0.123298
2.142300,-0.021142,-0.109146,-0.108829
2.148400,-0.019903,-0.095223,-0.096333
2.154500,-0.018649,-0.079930,-0.085436
2.160600,-0.017518,-0.074602,-0.077270
2.166700,-0.016461,-0.064374,-0.070320
2.172800,-0.015203,-0.050894,-0.060247
2.178900,-0.013784,-0.039358,-0.051116
2.185000,-0.012462,-0.036146,-0.048450
2.191100,-0.010680,-0.029651,-0.042818
2.197200,-0.009528,-0.023750,-0.037516
2.203300,-0.008810,-0.021710,-0.036275
2.209400,-0.008046,-0.018119,-0.032466
2.215500,-0.007451,-0.015425,-0.030298
2.221600,-0.006983,-0.013820,-0.028366
2.227700,-0.006507,-0.011623,-0.026294
2.233800,-0.006098,-0.010319,-0.024592
2.239900,-0.005778,-0.009122,-0.023161
2.246000,-0.005408,-0.007847,-0.021625
2.252100,-0.005153,-0.007060,-0.020293
2.258200,-0.004881,-0.006300,-0.019276
2.264300,-0.004630,-0.005481,-0.017860
2.270400,-0.004414,-0.004967,-0.017054
2.276500,-0.004230,-0.004468,-0.015980
2.282600,-0.004018,-0.003951,-0.015212
2.288700,-0.003867,-0.003615,-0.014328
2.294800,-0.003705,-0.003283,-0.013641
2.300900,-0.003553,-0.002964,-0.012867
2.307000,-0.003416,-0.002720,-0.012244
2.313100,-0.003297,-0.002511,-0.011663
2.319200,-0.003156,-0.002272,-0.011027
2.325300,-0.003041,-0.002073,-0.010454
2.331400,-0.002940,-0.001949,-0.010030
2.337500,-0.002836,-0.001791,-0.009522
2.343600,-0.002721,-0.001628,-0.009057
2.349700,-0.002649,-0.001552,-0.008665
2.355800,-0.002555,-0.001426,-0.008270
2.361900,-0.002461,-0.001310,-0.007821
2.368000,-0.002383,-0.001229,-0.007529
2.374100,-0.002307,-0.001141,-0.007147
2.380200,-0.002232,-0.001052,-0.006855
2.386300,-0.002154,-0.000968,-0.006495
2.392400,-0.002098,-0.000926,-0.006261
2.398500,-0.002028,-0.000866,-0.005973
2.404600,-0.001955,-0.000799,-0.005705
2.410700,-0.001901,-0.000764,-0.005472
2.416800,-0.001843,-0.000720,-0.005234
2.422900,-0.001780,-0.000675,-0.005009
2.429000,-0.001722,-0.000634,-0.004782
2.435100,-0.001675,-0.000607,-0.004598
2.441200,-0.001623,-0.000574,-0.004398
2.447300,-0.001576,-0.000547,-0.004221
2.453400,-0.001520,-0.000513,-0.004039
2.459500,-0.001480,-0.000491,-0.003879
2.465600,-0.001480,-0.000491,-0.003879
2.471700,-0.001391,-0.000442,-0.003568
2.477800,-0.001391,-0.000442,-0.003568
2.483900,-0.001342,-0.000416,-0.003408
2.490000,-0.001267,-0.000380,-0.003145
2.496100,-0.001267,-0.000380,-0.003145
2.502200,-0.001184,-0.000341,-0.002895
2.508300,-0.001184,-0.000341,-0.002895
2.514400,-0.001147,-0.000324,-0.002781
2.520500,-0.001077,-0.000297,-0.002566
2.526600,-0.001077,-0.000297,-0.002566
2.532700,-0.001007,-0.000270,-0.002355
2.538800,-0.001007,-0.000270,-0.002355
2.544900,-0.000972,-0.000256,-0.002260
2.551000,-0.000911,-0.000236,-0.002089
2.557100,-0.000911,-0.000236,-0.002089
2.563200,-0.000849,-0.000215,-0.001926
2.569300,-0.000849,-0.000215,-0.001926
2.575400,-0.000823,-0.000206,-0.001844
2.581500,-0.000765,-0.000191,-0.001710
2.587600,-0.000765,-0.000191,-0.001710
2.593700,-0.000711,-0.000176,-0.001573
2.599800,-0.000711,-0.000176,-0.001573
2.605900,-0.000685,-0.000170,-0.001505
2.612000,-0.000633,-0.000157,-0.001392
2.618100,-0.000633,-0.000157,-0.001392
2.624200,-0.000585,-0.000146,-0.001283
2.630300,-0.000585,-0.000146,-0.001283
2.636400,-0.000538,-0.000136,-0.001180
2.642500,-0.000517,-0.000132,-0.001135
2.648600,-0.000517,-0.000132,-0.001135
2.654700,-0.000472,-0.000123,-0.001044
2.660800,-0.000472,-0.000123,-0.001044
2.666900,-0.000429,-0.000114,-0.000961
2.673000,-0.000409,-0.000110,-0.000922
2.679100,-0.000409,-0.000110,-0.000922
2.685200,-0.000369,-0.000103,-0.000848
2.691300,-0.000369,-0.000103,-0.000848
2.697400,-0.000331,-0.000096,-0.000779
2.703500,-0.000312,-0.000093,-0.000748
2.709600,-0.000312,-0.000093,-0.000748
2.715700,-0.000276,-0.000087,-0.000686
2.721800,-0.000258,-0.000084,-0.000657
2.727900,-0.000242,-0.000081,-0.000630
2.734000,-0.000225,-0.000079,-0.000603
2.740100,-0.000208,-0.000076,-0.000576
2.746200,-0.000192,-0.000074,-0.000551
2.752300,-0.000177,-0.000072,-0.000528
2.758400,-0.000160,-0.000069,-0.000504
2.764500,-0.000146,-0.000067,-0.000482
2.770600,-0.000131,-0.000065,-0.000461
2.776700,-0.000115,-0.000063,-0.000440
2.782800,-0.000100,-0.000061,-0.000418
2.788900,-0.000086,-0.000059,-0.000399
2.795000,-0.000073,-0.000058,-0.000380
2.801100,-0.000059,-0.000056,-0.000363
2.807200,-0.000045,-0.000054,-0.000344
2.813300,-0.000032,-0.000053,-0.000328
2.819400,-0.000019,-0.000051,-0.000311
2.825500,-0.000007,-0.000050,-0.000297
2.831600,0.000006,-0.000049,-0.000282
2.837700,0.000019,-0.000047,-0.000266
2.843800,0.000030,-0.000045,-0.000252
2.849900,0.000042,-0.000042,-0.000238
2.856000,0.000053,-0.000038,-0.000224
2.862100,0.000065,-0.000034,-0.000210
2.868200,0.000076,-0.000031,-0.000198
2.874300,0.000076,-0.000031,-0.000198
2.880400,0.000098,-0.000030,-0.000175
2.886500,0.000108,-0.000029,-0.000164
2.892600,0.000119,-0.000029,-0.000154
2.898700,0.000129,-0.000028,-0.000144
2.904800,0.000129,-0.000028,-0.000144
2.910900,0.000148,-0.000027,-0.000124
2.917000,0.000158,-0.000026,-0.000115
2.923100,0.000167,-0.000026,-0.000106
2.929200,0.000177,-0.000026,-0.000098
2.935300,0.000177,-0.000026,-0.000098
2.941400,0.000194,-0.000026,-0.000083
2.947500,0.000203,-0.000026,-0.000075
2.953600,0.000211,-0.000026,-0.000068
2.959700,0.000219,-0.000026,-0.000061
2.965800,0.000219,-0.000026,-0.000061
2.971900,0.000235,-0.000026,-0.000048
2.978000,0.000243,-0.000026,-0.000042
2.984100,0.000251,-0.000026,-0.000035
2.990200,0.000258,-0.000026,-0.000030
2.996300,0.000258,-0.000026,-0.000030
3.002400,0.000272,-0.000025,-0.000019
3.008500,0.000279,-0.000025,-0.000013
3.014600,0.000286,-0.000025,-0.000009
3.020700,0.000286,-0.000025,-0.000009
3.026800,0.000286,-0.000025,-0.000009
3.032900,0.000286,-0.000025,-0.000009
3.039000,0.000286,-0.000025,-0.000009
3.045100,0.000286,-0.000025,-0.000009
3.051200,0.000286,-0.000025,-0.000009
3.057300,0.000286,-0.000025,-0.000009
3.063400,0.000286,-0.000025,-0.000009
3.069500,0.000286,-0.000025,-0.000009
3.075600,0.000286,-0.000025,-0.000009
3.081700,0.000286,-0.000025,-0.000009
3.087800,0.000286,-0.000025,-0.000009
3.093900,0.000286,-0.000025,-0.000009
3.100000,0.000286,-0.000025,-0.000009
