# energy,bc_sum,bcd_x_sum,bcd_y_sum
-3.000000,0.000014,0.000014,-0.000018
-2.993900,0.000018,0.000018,-0.000023
-2.987800,0.000021,0.000022,-0.000028
-2.981700,0.000025,0.000026,-0.000033
-2.975600,0.000029,0.000030,-0.000038
-2.969500,0.000032,0.000035,-0.000043
-2.963400,0.000036,0.000040,-0.000049
-2.957300,0.000040,0.000044,-0.000054
-2.951200,0.000045,0.000049,-0.000060
-2.945100,0.000049,0.000054,-0.000066
-2.939000,0.000053,0.000060,-0.000073
-2.932900,0.000057,0.000066,-0.000079
-2.926800,0.000062,0.000071,-0.000085
-2.920700,0.000066,0.000077,-0.000092
-2.914600,0.000071,0.000084,-0.000099
-2.908500,0.000076,0.000089,-0.000106
-2.902400,0.000081,0.000096,-0.000113
-2.896300,0.000086,0.000102,-0.000121
-2.890200,0.000091,0.000110,-0.000128
-2.884100,0.000096,0.000120,-0.000136
-2.878000,0.000101,0.000125,-0.000145
-2.871900,0.000106,0.000133,-0.000154
-2.865800,0.000112,0.000141,-0.000164
-2.859700,0.000117,0.000150,-0.000173
-2.853600,0.000123,0.000155,-0.000184
-2.847500,0.000128,0.000167,-0.000193
-2.841400,0.000135,0.000174,-0.000204
-2.835300,0.000140,0.000182,-0.000216
-2.829200,0.000146,0.000191,-0.000228
-2.823100,0.000153,0.000198,-0.000240
-2.817000,0.000159,0.000212,-0.000252
-2.810900,0.000165,0.000226,-0.000264
-2.804800,0.000172,0.000230,-0.000279
-2.798700,0.000179,0.000239,-0.000294
-2.792600,0.000186,0.000250,-0.000309
-2.786500,0.000193,0.000261,-0.000325
-2.780400,0.000200,0.000272,-0.000340
-2.774300,0.000207,0.000280,-0.000357
-2.768200,0.000215,0.000290,-0.000376
-2.762100,0.000222,0.000305,-0.000394
-2.756000,0.000230,0.000314,-0.000414
-2.749900,0.000237,0.000329,-0.000435
-2.743800,0.000246,0.000341,-0.000455
-2.737700,0.000254,0.000353,-0.000478
-2.731600,0.000262,0.000368,-0.000500
-2.725500,0.000271,0.000377,-0.000524
-2.719400,0.000280,0.000390,-0.000548
-2.713300,0.000288,0.000407,-0.000573
-2.707200,0.000288,0.000407,-0.000573
-2.701100,0.000306,0.000437,-0.000627
-2.695000,0.000316,0.000448,-0.000657
-2.688900,0.000326,0.000466,-0.000687
-2.682800,0.000335,0.000484,-0.000718
-2.676700,0.000345,0.000500,-0.000750
-2.670600,0.000355,0.000516,-0.000784
-2.664500,0.000365,0.000537,-0.000819
-2.658400,0.000374,0.000561,-0.000853
-2.652300,0.000385,0.000574,-0.000893
-2.646200,0.000398,0.000577,-0.000939
-2.640100,0.000410,0.000591,-0.000979
-2.634000,0.000421,0.000614,-0.001025
-2.627900,0.000432,0.000633,-0.001070
-2.621800,0.000443,0.000659,-0.001117
-2.615700,0.000456,0.000677,-0.001168
-2.609600,0.000466,0.000709,-0.001214
-2.603500,0.000481,0.000719,-0.001274
-2.597400,0.000495,0.000718,-0.001335
-2.591300,0.000508,0.000748,-0.001390
-2.585200,0.000522,0.000764,-0.001455
-2.579100,0.000535,0.000793,-0.001519
-2.573000,0.000546,0.000827,-0.001582
-2.566900,0.000563,0.000843,-0.001655
-2.560800,0.000580,0.000841,-0.001735
-2.554700,0.000596,0.000873,-0.001810
-2.548600,0.000606,0.000916,-0.001887
-2.542500,0.000628,0.000923,-0.001976
-2.536400,0.000641,0.000954,-0.002064
-2.530300,0.000662,0.000953,-0.002162
-2.524200,0.000677,0.000984,-0.002260
-2.518100,0.000697,0.001003,-0.002366
-2.512000,0.000714,0.001028,-0.002477
-2.505900,0.000729,0.001072,-0.002582
-2.499800,0.000756,0.001059,-0.002708
-2.493700,0.000775,0.001087,-0.002837
-2.487600,0.000792,0.001127,-0.002967
-2.481500,0.000807,0.001180,-0.003093
-2.475400,0.000836,0.001157,-0.003248
-2.469300,0.000860,0.001180,-0.003402
-2.463200,0.000881,0.001219,-0.003560
-2.457100,0.000902,0.001251,-0.003726
-2.451000,0.000928,0.001259,-0.003906
-2.444900,0.000956,0.001276,-0.004099
-2.438800,0.000981,0.001307,-0.004297
-2.432700,0.001005,0.001344,-0.004505
-2.426600,0.001032,0.001366,-0.004720
-2.420500,0.001064,0.001370,-0.004955
-2.414400,0.001092,0.001412,-0.005198
-2.408300,0.001118,0.001461,-0.005452
-2.402200,0.001160,0.001432,-0.005721
-2.396100,0.001187,0.001474,-0.006019
-2.390000,0.001224,0.001457,-0.006331
-2.383900,0.001254,0.001506,-0.006647
-2.377800,0.001293,0.001523,-0.006982
-2.371700,0.001334,0.001561,-0.007348
-2.365600,0.001372,0.001601,-0.007724
-2.359500,0.001407,0.001631,-0.008116
-2.353400,0.001459,0.001629,-0.008560
-2.347300,0.001507,0.001658,-0.009019
-2.341200,0.001551,0.001652,-0.009510
-2.335100,0.001607,0.001657,-0.010016
-2.329000,0.001652,0.001708,-0.010566
-2.322900,0.001709,0.001738,-0.011142
-2.316800,0.001709,0.001738,-0.011142
-2.310700,0.001768,0.001681,-0.011770
-2.304600,0.001890,0.001859,-0.013134
-2.298500,0.001962,0.001874,-0.013860
-2.292400,0.001962,0.001874,-0.013860
-2.286300,0.002033,0.001947,-0.014660
-2.280200,0.002198,0.002126,-0.016446
-2.274100,0.002306,0.002008,-0.017445
-2.268000,0.002390,0.002088,-0.018525
-2.261900,0.002390,0.002088,-0.018525
-2.255800,0.002635,0.002247,-0.020846
-2.249700,0.002694,0.002489,-0.022143
-2.243600,0.002830,0.002824,-0.023470
-2.237500,0.002978,0.003103,-0.024978
-2.231400,0.003150,0.003383,-0.026591
-2.225300,0.003297,0.003964,-0.028220
-2.219200,0.003511,0.004630,-0.029949
-2.213100,0.003757,0.005395,-0.031845
-2.207000,0.003989,0.006272,-0.033742
-2.200900,0.004289,0.007852,-0.035678
-2.194800,0.004661,0.009529,-0.037645
-2.188700,0.005065,0.012368,-0.039324
-2.182600,0.005703,0.016555,-0.040591
-2.176500,0.006555,0.022536,-0.040476
-2.170400,0.007400,0.032794,-0.038318
-2.164300,0.008063,0.040386,-0.038524
-2.158200,0.008724,0.047554,-0.039379
-2.152100,0.009305,0.055286,-0.041497
-2.146000,0.010017,0.063810,-0.044082
-2.139900,0.010738,0.074567,-0.046788
-2.133800,0.011533,0.089099,-0.051036
-2.127700,0.012242,0.099274,-0.055280
-2.121600,0.013236,0.110883,-0.061191
-2.115500,0.014510,0.121826,-0.070653
-2.109400,0.016053,0.133627,-0.085037
-2.103300,0.018120,0.143656,-0.107204
-2.097200,0.020925,0.147866,-0.137984
-2.091100,0.025096,0.156390,-0.180919
-2.085000,0.031752,0.166291,-0.244399
-2.078900,0.043183,0.188599,-0.337817
-2.072800,0.067353,0.264364,-0.449068
-2.066700,0.134396,0.227681,-0.301963
-2.060600,0.169415,0.156222,-0.227987
-2.054500,0.189799,0.105025,-0.193475
-2.048400,0.202299,0.067003,-0.167871
-2.042300,0.209524,0.033497,-0.147210
-2.036200,0.212199,0.000880,-0.133298
-2.030100,0.185959,-0.076534,-0.116024
-2.024000,0.131496,0.030661,-0.078675
-2.017900,0.089535,0.064324,-0.087726
-2.011800,0.054616,0.071093,-0.103702
-2.005700,0.024656,0.083939,-0.112423
-1.999600,-0.001921,0.094418,-0.119274
-1.993500,-0.026030,0.116898,-0.120616
-1.987400,-0.048328,0.130351,-0.120234
-1.981300,-0.069165,0.135014,-0.122037
-1.975200,-0.088334,0.124457,-0.117784
-1.969100,-0.107428,0.105418,-0.119261
-1.963000,-0.125581,0.083698,-0.121068
-1.956900,-0.143805,0.061621,-0.126986
-1.950800,-0.161430,0.030304,-0.128021
-1.944700,-0.178856,0.016066,-0.126969
-1.938600,-0.196587,0.022140,-0.118046
-1.932500,-0.197003,0.018572,-0.120079
-1.926400,-0.191840,0.006935,-0.122557
-1.920300,-0.186332,-0.002629,-0.125638
-1.914200,-0.180497,-0.001835,-0.126008
-1.908100,-0.174033,-0.007364,-0.126898
-1.902000,-0.167209,-0.011369,-0.128435
-1.895900,-0.160427,-0.011341,-0.126645
-1.889800,-0.153672,-0.011396,-0.125741
-1.883700,-0.146387,-0.008966,-0.124073
-1.877600,-0.139016,-0.011587,-0.124999
-1.871500,-0.131702,-0.013636,-0.124274
-1.865400,-0.124375,-0.022206,-0.123639
-1.859300,-0.116991,-0.022174,-0.121340
-1.853200,-0.109810,-0.026579,-0.119576
-1.847100,-0.109810,-0.026579,-0.119576
-1.841000,-0.095376,-0.048355,-0.118568
-1.834900,-0.095376,-0.048355,-0.118568
-1.828800,-0.088388,-0.045347,-0.113986
-1.822700,-0.074542,-0.037186,-0.102418
-1.816600,-0.074542,-0.037186,-0.102418
-1.810500,-0.061385,-0.042649,-0.091443
-1.804400,-0.054670,-0.038467,-0.083611
-1.798300,-0.054670,-0.038467,-0.083611
-1.792200,-0.041919,-0.040784,-0.071844
-1.786100,-0.041919,-0.040784,-0.071844
-1.780000,-0.028830,-0.037561,-0.060156
-1.773900,-0.021723,-0.033633,-0.054553
-1.767800,-0.021723,-0.033633,-0.054553
-1.761700,-0.004866,-0.011710,-0.041861
-1.755600,0.005052,0.001165,-0.033738
-1.749500,0.018064,0.021172,-0.025787
-1.743400,0.038744,0.037623,-0.014001
-1.737300,0.038744,0.037623,-0.014001
-1.731200,0.068295,0.044245,0.000655
-1.725100,0.080769,0.054082,0.007360
-1.719000,0.093006,0.059043,0.015660
-1.712900,0.104952,0.061320,0.020681
-1.706800,0.117553,0.065444,0.027117
-1.700700,0.130539,0.069787,0.032101
-1.694600,0.143953,0.069035,0.036115
-1.688500,0.157782,0.070137,0.039171
-1.682400,0.172435,0.076682,0.043629
-1.676300,0.187912,0.075757,0.046829
-1.670200,0.203930,0.076526,0.048597
-1.664100,0.220855,0.078256,0.050583
-1.658000,0.238871,0.076312,0.052724
-1.651900,0.257297,0.077779,0.053712
-1.645800,0.276979,0.075582,0.054870
-1.639700,0.297358,0.071080,0.054304
-1.633600,0.297358,0.071080,0.054304
-1.627500,0.341811,0.073373,0.058396
-1.621400,0.341811,0.073373,0.058396
-1.615300,0.365369,0.070170,0.057808
-1.609200,0.415804,0.069086,0.059160
-1.603100,0.415804,0.069086,0.059160
-1.597000,0.470513,0.065661,0.060389
-1.590900,0.499487,0.063325,0.060416
-1.584800,0.499487,0.063325,0.060416
-1.578700,0.561144,0.058208,0.061811
-1.572600,0.561144,0.058208,0.061811
-1.566500,0.627573,0.051199,0.062000
-1.560400,0.662610,0.048026,0.062478
-1.554300,0.698813,0.047015,0.064300
-1.548200,0.709785,0.023136,0.096045
-1.542100,0.719196,0.010038,0.124224
-1.536000,0.728169,-0.008839,0.150595
-1.529900,0.736889,-0.026859,0.175148
-1.523800,0.736889,-0.026859,0.175148
-1.517700,0.754893,-0.051360,0.219398
-1.511600,0.763441,-0.060645,0.238655
-1.505500,0.772066,-0.074038,0.255628
-1.499400,0.780583,-0.087211,0.270530
-1.493300,0.789071,-0.091607,0.287602
-1.487200,0.797642,-0.100785,0.301036
-1.481100,0.806336,-0.106714,0.313948
-1.475000,0.814594,-0.119110,0.324649
-1.468900,0.822761,-0.124198,0.336965
-1.462800,0.830968,-0.134443,0.348143
-1.456700,0.838783,-0.142732,0.358254
-1.450600,0.846815,-0.151083,0.368425
-1.444500,0.854808,-0.155166,0.378725
-1.438400,0.862272,-0.161379,0.388466
-1.432300,0.870108,-0.166719,0.398013
-1.426200,0.877316,-0.169826,0.408608
-1.420100,0.884690,-0.178137,0.417979
-1.414000,0.891625,-0.187390,0.425957
-1.407900,0.891625,-0.187390,0.425957
-1.401800,0.898599,-0.191578,0.434608
-1.395700,0.911654,-0.198448,0.453127
-1.389600,0.911654,-0.198448,0.453127
-1.383500,0.923740,-0.208770,0.468301
-1.377400,0.923740,-0.208770,0.468301
-1.371300,0.929252,-0.209850,0.478230
-1.365200,0.940841,-0.217665,0.495924
-1.359100,0.940841,-0.217665,0.495924
-1.353000,0.950228,-0.222016,0.511530
-1.346900,0.954183,-0.222998,0.519338
-1.340800,0.954183,-0.222998,0.519338
-1.334700,0.964074,-0.230382,0.533983
-1.328600,0.964074,-0.230382,0.533983
-1.322500,0.970386,-0.222338,0.552698
-1.316400,0.973198,-0.223645,0.558401
-1.310300,0.973198,-0.223645,0.558401
-1.304200,0.978593,-0.222271,0.572446
-1.298100,0.981500,-0.222499,0.578629
-1.292000,0.983381,-0.218024,0.586542
-1.285900,0.983381,-0.218024,0.586542
-1.279800,0.986019,-0.208617,0.602107
-1.273700,0.988049,-0.211747,0.606224
-1.267600,0.989482,-0.202628,0.615025
-1.261500,0.990072,-0.201817,0.619862
-1.255400,0.990520,-0.194414,0.625629
-1.249300,0.990517,-0.194137,0.629195
-1.243200,0.990768,-0.181709,0.638217
-1.237100,0.991045,-0.177417,0.640807
-1.231000,0.990497,-0.175102,0.646303
-1.224900,0.989173,-0.164353,0.649881
-1.218800,0.988052,-0.158304,0.654247
-1.212700,0.987224,-0.147046,0.658036
-1.206600,0.986030,-0.128738,0.664701
-1.200500,0.984234,-0.116311,0.666042
-1.194400,0.981921,-0.098847,0.668036
-1.188300,0.979538,-0.086377,0.669719
-1.182200,0.977149,-0.075030,0.670672
-1.176100,0.974183,-0.054934,0.672140
-1.170000,0.970822,-0.034951,0.669515
-1.163900,0.966927,-0.012936,0.668292
-1.157800,0.962663,0.017196,0.667458
-1.151700,0.958094,0.042896,0.663140
-1.145600,0.951396,0.074368,0.657626
-1.139500,0.944846,0.109853,0.651098
-1.133400,0.938634,0.143624,0.644118
-1.127300,0.931204,0.180464,0.633193
-1.121200,0.922610,0.219346,0.622272
-1.115100,0.912616,0.258961,0.608310
-1.109000,0.901771,0.296169,0.591972
-1.102900,0.890057,0.334110,0.571478
-1.096800,0.877505,0.371593,0.551042
-1.090700,0.862809,0.406141,0.524907
-1.084600,0.862809,0.406141,0.524907
-1.078500,0.827892,0.457546,0.458049
-1.072400,0.807841,0.479830,0.423144
-1.066300,0.807841,0.479830,0.423144
-1.060200,0.760467,0.513758,0.348425
-1.054100,0.731387,0.519308,0.305664
-1.048000,0.693943,0.533752,0.260203
-1.041900,0.662350,0.535342,0.212493
-1.035800,0.662350,0.535342,0.212493
-1.029700,0.608889,0.490163,0.108454
-1.023600,0.577225,0.461089,0.055578
-1.017500,0.577225,0.461089,0.055578
-1.011400,0.510562,0.382599,-0.045753
-1.005300,0.476551,0.334983,-0.097003
-0.999200,0.441357,0.288523,-0.145327
-0.993100,0.405962,0.230464,-0.193376
-0.987000,0.368561,0.176695,-0.235599
-0.980900,0.335643,0.116703,-0.276652
-0.974800,0.304769,0.062396,-0.313846
-0.968700,0.272825,0.014643,-0.342993
-0.962600,0.241775,-0.039222,-0.370473
-0.956500,0.211649,-0.083416,-0.392704
-0.950400,0.180621,-0.123772,-0.411521
-0.944300,0.152251,-0.161814,-0.424823
-0.938200,0.122114,-0.191612,-0.433711
-0.932100,0.091396,-0.215568,-0.438737
-0.926000,0.065526,-0.234176,-0.440682
-0.919900,0.039311,-0.250838,-0.440242
-0.913800,0.014598,-0.258193,-0.435681
-0.907700,-0.010090,-0.265450,-0.430755
-0.901600,-0.034560,-0.268938,-0.422658
-0.895500,-0.057689,-0.267696,-0.412757
-0.889400,-0.080514,-0.268524,-0.401338
-0.883300,-0.102705,-0.262224,-0.387220
-0.877200,-0.124947,-0.257384,-0.373453
-0.871100,-0.145940,-0.252159,-0.359719
-0.865000,-0.166228,-0.246752,-0.348594
-0.858900,-0.186737,-0.236859,-0.332325
-0.852800,-0.207087,-0.231473,-0.320314
-0.846700,-0.225976,-0.221111,-0.305819
-0.840600,-0.245462,-0.208774,-0.289942
-0.834500,-0.264913,-0.201378,-0.277048
-0.828400,-0.284375,-0.198144,-0.268559
-0.822300,-0.301695,-0.185616,-0.259203
-0.816200,-0.320502,-0.179789,-0.247686
-0.810100,-0.339068,-0.171210,-0.237303
-0.804000,-0.357236,-0.160388,-0.227065
-0.797900,-0.376869,-0.155499,-0.219400
-0.791800,-0.395062,-0.152215,-0.209379
-0.785700,-0.413677,-0.144607,-0.202638
-0.779600,-0.431429,-0.140661,-0.193936
-0.773500,-0.451082,-0.136813,-0.188251
-0.767400,-0.470534,-0.129982,-0.180031
-0.761300,-0.489680,-0.129385,-0.174453
-0.755200,-0.508478,-0.124901,-0.166994
-0.749100,-0.527799,-0.123353,-0.162754
-0.743000,-0.547049,-0.122385,-0.159800
-0.736900,-0.566879,-0.121579,-0.154869
-0.730800,-0.588605,-0.119487,-0.145615
-0.724700,-0.609148,-0.118317,-0.138924
-0.718600,-0.630337,-0.118388,-0.134842
-0.712500,-0.651164,-0.115687,-0.129065
-0.706400,-0.673953,-0.115544,-0.125248
-0.700300,-0.673953,-0.115544,-0.125248
-0.694200,-0.697154,-0.113955,-0.119981
-0.688100,-0.744276,-0.109931,-0.111150
-0.682000,-0.767960,-0.107451,-0.107480
-0.675900,-0.793115,-0.105009,-0.104336
-0.669800,-0.793115,-0.105009,-0.104336
-0.663700,-0.819338,-0.103902,-0.100935
-0.657600,-0.845769,-0.102644,-0.097363
-0.651500,-0.902331,-0.094808,-0.090743
-0.645400,-0.931914,-0.090562,-0.087348
-0.639300,-0.962313,-0.084852,-0.083835
-0.633200,-0.962313,-0.084852,-0.083835
-0.627100,-0.989929,-0.078586,-0.080311
-0.621000,-0.921971,-0.088780,-0.074888
-0.614900,-0.886441,-0.094419,-0.072883
-0.608800,-0.848223,-0.098489,-0.070556
-0.602700,-0.848223,-0.098489,-0.070556
-0.596600,-0.809145,-0.101746,-0.067219
-0.590500,-0.726083,-0.114137,-0.063488
-0.584400,-0.680921,-0.120346,-0.063101
-0.578300,-0.634239,-0.123346,-0.060039
-0.572200,-0.634239,-0.123346,-0.060039
-0.566100,-0.585055,-0.129642,-0.057890
-0.560000,-0.479457,-0.137680,-0.054085
-0.553900,-0.422311,-0.143316,-0.051667
-0.547800,-0.362598,-0.148604,-0.048375
-0.541700,-0.297951,-0.150413,-0.046253
-0.535600,-0.297951,-0.150413,-0.046253
-0.529500,-0.159963,-0.158206,-0.039952
-0.523400,-0.085141,-0.159373,-0.036069
-0.517300,-0.003581,-0.161701,-0.033715
-0.511200,0.083588,-0.167740,-0.030988
-0.505100,0.083588,-0.167740,-0.030988
-0.499000,0.272957,-0.175453,-0.026025
-0.492900,0.380815,-0.181601,-0.024266
-0.486800,0.496928,-0.198675,-0.026186
-0.480700,0.622159,-0.200137,-0.022810
-0.474600,0.622159,-0.200137,-0.022810
-0.468500,0.907904,-0.247995,-0.036223
-0.462400,0.945376,-0.268915,-0.040701
-0.456300,0.953706,-0.277009,-0.040803
-0.450200,0.961689,-0.293836,-0.042523
-0.444100,0.970608,-0.313156,-0.048538
-0.438000,0.977089,-0.328758,-0.051414
-0.431900,0.985680,-0.334961,-0.051340
-0.425800,0.996205,-0.356455,-0.055447
-0.419700,1.005396,-0.373358,-0.060841
-0.413600,1.013279,-0.387632,-0.063478
-0.407500,1.024379,-0.405925,-0.066608
-0.401400,1.035961,-0.427571,-0.070319
-0.395300,1.046102,-0.447207,-0.075058
-0.389200,1.054735,-0.477348,-0.080847
-0.383100,1.067566,-0.496611,-0.086308
-0.377000,1.078802,-0.527245,-0.095046
-0.370900,1.091260,-0.554293,-0.102017
-0.364800,1.104841,-0.587962,-0.112389
-0.358700,1.117305,-0.620224,-0.121425
-0.352600,1.129804,-0.643484,-0.126308
-0.346500,1.146225,-0.687896,-0.138749
-0.340400,1.161601,-0.722447,-0.148855
-0.334300,1.177177,-0.758798,-0.160077
-0.328200,1.193407,-0.800633,-0.172183
-0.322100,1.212841,-0.848452,-0.185170
-0.316000,1.230884,-0.888749,-0.201526
-0.309900,1.248971,-0.937077,-0.224143
-0.303800,1.269399,-0.983931,-0.243401
-0.297700,1.291180,-1.041354,-0.268033
-0.291600,1.314455,-1.103416,-0.291966
-0.285500,1.341070,-1.168244,-0.316936
-0.279400,1.366724,-1.250099,-0.348438
-0.273300,1.396153,-1.331720,-0.382902
-0.267200,1.396153,-1.331720,-0.382902
-0.261100,1.425325,-1.424183,-0.426001
-0.255000,1.444080,-1.714585,-0.561275
-0.248900,1.236380,-2.162346,-0.778977
-0.242800,1.236380,-2.162346,-0.778977
-0.236700,1.055111,-2.586356,-0.987460
-0.230600,1.008342,-2.585993,-0.981967
-0.224500,1.062598,-2.157430,-0.757471
-0.218400,1.139995,-1.815278,-0.581243
-0.212300,1.139995,-1.815278,-0.581243
-0.206200,1.245547,-1.405142,-0.371261
-0.200100,1.379018,-0.934523,-0.131362
-0.194000,1.546340,-0.627839,0.028524
-0.187900,1.504572,-0.630056,0.028137
-0.181800,1.460586,-0.627643,0.027779
-0.175700,1.460586,-0.627643,0.027779
-0.169600,1.414102,-0.619227,0.025866
-0.163500,1.313418,-0.582059,0.024304
-0.157400,1.258762,-0.548185,0.023084
-0.151300,1.200656,-0.500179,0.021586
-0.145200,1.200656,-0.500179,0.021586
-0.139100,1.072705,-0.347221,0.018841
-0.133000,1.002090,-0.230700,0.017013
-0.126900,0.926278,-0.075084,0.015572
-0.120800,0.844890,0.132521,0.014006
-0.114700,0.757467,0.407735,0.012327
-0.108600,0.662792,0.774539,0.009716
-0.102500,0.559426,1.276277,0.008232
-0.096400,0.445914,2.004190,0.006765
-0.090300,0.336386,2.912348,0.005982
-0.084200,0.261417,2.325229,0.004817
-0.078100,0.173547,1.567603,0.003874
-0.072000,0.072563,0.671694,0.001291
-0.065900,0.000032,-0.000056,-0.000093
-0.059800,0.000032,-0.000056,-0.000093
-0.053700,0.000032,-0.000056,-0.000093
-0.047600,0.000032,-0.000056,-0.000093
-0.041500,0.000032,-0.000056,-0.000093
-0.035400,0.000032,-0.000056,-0.000093
-0.029300,0.000032,-0.000056,-0.000093
-0.023200,0.000032,-0.000056,-0.000093
-0.017100,0.000032,-0.000056,-0.000093
-0.011000,0.000032,-0.000056,-0.000093
-0.004900,0.000032,-0.000056,-0.000093
0.001200,0.000032,-0.000056,-0.000093
0.007300,0.000032,-0.000056,-0.000093
0.013400,0.000032,-0.000056,-0.000093
0.019500,0.000032,-0.000056,-0.000093
0.025600,0.000032,-0.000056,-0.000093
0.031700,0.000032,-0.000056,-0.000093
0.037800,0.000032,-0.000056,-0.000093
0.043900,0.000032,-0.000056,-0.000093
0.050000,0.000032,-0.000056,-0.000093
0.056100,-0.004619,-0.044235,-0.022219
0.062200,-0.113899,-1.042632,-0.522616
0.068300,-0.209577,-1.881527,-0.942976
0.074400,-0.292500,-2.584737,-1.295220
0.080500,-0.371372,-2.694999,-1.350674
0.086600,-0.491844,-1.680015,-0.843890
0.092700,-0.601173,-1.058760,-0.533897
0.098800,-0.700879,-0.617435,-0.314057
0.104900,-0.792608,-0.290607,-0.151719
0.111000,-0.877485,-0.043581,-0.029461
0.117100,-0.956768,0.141089,0.062314
0.123200,-1.030339,0.280666,0.131343
0.129300,-1.099094,0.385391,0.182795
0.135400,-1.163503,0.462864,0.221004
0.141500,-1.223867,0.520413,0.249082
0.147600,-1.280595,0.561946,0.269088
0.153700,-1.334108,0.591651,0.283555
0.159800,-1.384487,0.611381,0.293077
0.165900,-1.432614,0.622452,0.297922
0.172000,-1.477993,0.628545,0.300149
0.178100,-1.477993,0.628545,0.300149
0.184200,-1.521316,0.630622,0.300815
0.190300,-1.549722,0.609593,0.299474
0.196400,-1.473013,0.622082,0.300141
0.202500,-1.200581,1.574694,0.296510
0.208600,-1.105607,1.957698,0.291348
0.214700,-1.105607,1.957698,0.291348
0.220800,-1.040364,2.274440,0.287009
0.226900,-1.008185,2.503151,0.281430
0.233000,-1.099218,2.508576,0.267374
0.239100,-1.318961,1.974078,0.260431
0.245200,-1.318961,1.974078,0.260431
0.251300,-1.476429,1.609108,0.252418
0.257400,-1.444408,1.489988,0.247733
0.263500,-1.384390,1.301414,0.238321
0.269600,-1.356993,1.217177,0.232406
0.275700,-1.356993,1.217177,0.232406
0.281800,-1.330330,1.144892,0.228712
0.287900,-1.306317,1.074104,0.222857
0.294000,-1.261902,0.967180,0.219719
0.300100,-1.241575,0.914331,0.216559
0.306200,-1.222534,0.874976,0.214997
0.312300,-1.222534,0.874976,0.214997
0.318400,-1.205030,0.828093,0.211377
0.324500,-1.169817,0.742844,0.204164
0.330600,-1.154779,0.705189,0.200646
0.336700,-1.139926,0.667483,0.195366
0.342800,-1.139926,0.667483,0.195366
0.348900,-1.124847,0.639583,0.196083
0.355000,-1.098518,0.575247,0.190786
0.361100,-1.086150,0.545935,0.186156
0.367200,-1.075056,0.511762,0.180720
0.373300,-1.075056,0.511762,0.180720
0.379400,-1.063637,0.487520,0.177347
0.385500,-1.039615,0.443881,0.168752
0.391600,-1.031576,0.420686,0.168722
0.397700,-1.021261,0.394357,0.167451
0.403800,-1.010894,0.381124,0.163817
0.409900,-1.010894,0.381124,0.163817
0.416000,-0.993125,0.350400,0.153137
0.422100,-0.982994,0.334010,0.150267
0.428200,-0.982994,0.334010,0.150267
0.434300,-0.965297,0.304381,0.138449
0.440400,-0.958821,0.292735,0.134257
0.446500,-0.949727,0.271870,0.127523
0.452600,-0.942575,0.256723,0.122648
0.458700,-0.847772,0.230998,0.118990
0.464800,-0.703222,0.211469,0.116702
0.470900,-0.570849,0.197864,0.112453
0.477000,-0.450488,0.183859,0.110007
0.483100,-0.338209,0.181128,0.108059
0.489200,-0.233791,0.176259,0.102097
0.495300,-0.137485,0.170640,0.099891
0.501400,-0.048579,0.166264,0.095687
0.507500,0.034615,0.165203,0.091604
0.513600,0.114974,0.157904,0.087296
0.519700,0.188527,0.154980,0.084683
0.525800,0.258263,0.153992,0.081647
0.531900,0.323194,0.152413,0.077933
0.538000,0.385102,0.143491,0.073798
0.544100,0.445543,0.143404,0.071382
0.550200,0.500303,0.136633,0.067002
0.556300,0.553529,0.132289,0.064369
0.562400,0.603862,0.125433,0.060325
0.568500,0.652330,0.120163,0.057579
0.574600,0.698490,0.113713,0.054072
0.580700,0.742446,0.110873,0.050904
0.586800,0.785070,0.102741,0.047536
0.592900,0.824587,0.098196,0.044386
0.599000,0.862561,0.093948,0.041515
0.605100,0.900098,0.089665,0.037747
0.611200,0.935223,0.087437,0.035740
0.617300,0.969800,0.082132,0.031673
0.623400,0.980680,0.079757,0.030081
0.629500,0.949195,0.085071,0.030650
0.635600,0.919795,0.092418,0.031319
0.641700,0.890918,0.094810,0.031330
0.647800,0.862665,0.097923,0.030002
0.653900,0.835420,0.099910,0.029829
0.660000,0.809528,0.104275,0.030365
0.666100,0.782872,0.106294,0.029713
0.672200,0.758611,0.107667,0.027335
0.678300,0.734136,0.110389,0.027262
0.684400,0.711019,0.111460,0.026490
0.690500,0.688422,0.115986,0.025106
0.696600,0.665737,0.117918,0.024501
0.702700,0.642694,0.116907,0.022850
0.708800,0.621305,0.118533,0.018755
0.714900,0.600434,0.118571,0.017687
0.721000,0.580622,0.119556,0.019493
0.727100,0.560862,0.117042,0.017121
0.733200,0.540477,0.123171,0.009147
0.739300,0.519342,0.122068,0.000676
0.745400,0.500899,0.127435,-0.005779
0.751500,0.481206,0.132020,-0.013015
0.757600,0.462608,0.134861,-0.018478
0.763700,0.444286,0.138863,-0.024882
0.769800,0.424277,0.139954,-0.031930
0.775900,0.406013,0.146428,-0.039028
0.782000,0.387516,0.151930,-0.048098
0.788100,0.368688,0.156858,-0.057296
0.794200,0.350735,0.166947,-0.063944
0.800300,0.331831,0.172571,-0.071010
0.806400,0.313525,0.178259,-0.079358
0.812500,0.294938,0.186142,-0.088288
0.818600,0.276304,0.200327,-0.098466
0.824700,0.257580,0.206740,-0.106981
0.830800,0.257580,0.206740,-0.106981
0.836900,0.238577,0.213106,-0.116600
0.843000,0.199668,0.227626,-0.134380
0.849100,0.180062,0.236273,-0.144121
0.855200,0.159243,0.245605,-0.156559
0.861300,0.159243,0.245605,-0.156559
0.867400,0.138984,0.253378,-0.168141
0.873500,0.095404,0.263895,-0.193238
0.879600,0.072712,0.266490,-0.206111
0.885700,0.048497,0.266054,-0.220770
0.891800,0.024952,0.263308,-0.234762
0.897900,0.024952,0.263308,-0.234762
0.904000,-0.023459,0.254906,-0.261050
0.910100,-0.049603,0.238922,-0.277889
0.916200,-0.077164,0.227042,-0.291401
0.922300,-0.105442,0.203385,-0.306312
0.928400,-0.105442,0.203385,-0.306312
0.934500,-0.132842,0.178144,-0.319943
0.940600,-0.192126,0.105584,-0.340705
0.946700,-0.222826,0.066221,-0.350152
0.952800,-0.254085,0.017804,-0.356463
0.958900,-0.254085,0.017804,-0.356463
0.965000,-0.285643,-0.033111,-0.361601
0.971100,-0.347614,-0.140382,-0.360849
0.977200,-0.382441,-0.197218,-0.357324
0.983300,-0.419916,-0.246844,-0.345407
0.989400,-0.455074,-0.303246,-0.331744
0.995500,-0.455074,-0.303246,-0.331744
1.001600,-0.523998,-0.403290,-0.291781
1.007700,-0.557095,-0.443881,-0.262966
1.013800,-0.589575,-0.474261,-0.227093
1.019900,-0.620760,-0.503878,-0.190159
1.026000,-0.648520,-0.525299,-0.148877
1.032100,-0.675254,-0.541270,-0.103918
1.038200,-0.708976,-0.535636,-0.051807
1.044300,-0.743592,-0.515850,0.004653
1.050400,-0.770999,-0.504704,0.052244
1.056500,-0.795184,-0.494990,0.098551
1.062600,-0.816655,-0.475730,0.146504
1.068700,-0.835830,-0.453176,0.193982
1.074800,-0.852951,-0.418241,0.240649
1.080900,-0.868467,-0.392293,0.284268
1.087000,-0.882473,-0.359414,0.328285
1.093100,-0.895990,-0.319864,0.373871
1.099200,-0.906126,-0.284786,0.413974
1.105300,-0.916205,-0.243307,0.453995
1.111400,-0.925537,-0.203110,0.492748
1.117500,-0.934432,-0.166655,0.528144
1.123600,-0.941969,-0.130260,0.560547
1.129700,-0.948071,-0.096658,0.589687
1.135800,-0.954039,-0.060822,0.617107
1.141900,-0.959166,-0.032223,0.641050
1.148000,-0.963507,-0.006997,0.660335
1.154100,-0.967824,0.017607,0.680317
1.160200,-0.971641,0.041031,0.697045
1.166300,-0.974738,0.058587,0.708993
1.172400,-0.977817,0.088557,0.724116
1.178500,-0.981181,0.100312,0.734704
1.184600,-0.982626,0.116047,0.743694
1.190700,-0.982626,0.116047,0.743694
1.196800,-0.986456,0.137282,0.754128
1.202900,-0.988190,0.145931,0.758659
1.209000,-0.989260,0.154321,0.763243
1.215100,-0.990248,0.169610,0.764637
1.221200,-0.990011,0.178528,0.765140
1.227300,-0.990509,0.182792,0.766549
1.233400,-0.991120,0.190452,0.767428
1.239500,-0.990526,0.190530,0.764346
1.245600,-0.989606,0.197778,0.761175
1.251700,-0.989693,0.205220,0.759778
1.257800,-0.988868,0.211165,0.756193
1.263900,-0.987427,0.214221,0.753104
1.270000,-0.985204,0.207989,0.746210
1.276100,-0.984279,0.215128,0.741816
1.282200,-0.982574,0.217739,0.736231
1.288300,-0.980394,0.222463,0.730642
1.294400,-0.977687,0.222506,0.725269
1.300500,-0.974976,0.225680,0.719169
1.306600,-0.971759,0.224832,0.711088
1.312700,-0.968595,0.224788,0.702452
1.318800,-0.965586,0.224551,0.694922
1.324900,-0.961867,0.225412,0.688053
1.331000,-0.956854,0.227697,0.679430
1.337100,-0.952547,0.223461,0.668253
1.343200,-0.947943,0.224793,0.659439
1.349300,-0.943412,0.219251,0.649500
1.355400,-0.938460,0.215927,0.641017
1.361500,-0.933002,0.214497,0.629837
1.367600,-0.926992,0.212390,0.618811
1.373700,-0.920915,0.210461,0.609061
1.379800,-0.915091,0.202432,0.596768
1.385900,-0.909083,0.198660,0.585582
1.392000,-0.902667,0.192290,0.574443
1.398100,-0.895618,0.190737,0.563100
1.404200,-0.888609,0.184525,0.550758
1.410300,-0.881906,0.177557,0.538565
1.416400,-0.874413,0.173401,0.525566
1.422500,-0.867331,0.168070,0.514107
1.428600,-0.859215,0.160836,0.498880
1.434700,-0.851569,0.154706,0.486429
1.440800,-0.843985,0.147398,0.472695
1.446900,-0.835981,0.141271,0.458307
1.453000,-0.827561,0.133092,0.443588
1.459100,-0.819406,0.127433,0.429312
1.465200,-0.811097,0.116482,0.412686
1.471300,-0.802762,0.107854,0.395563
1.477400,-0.794427,0.095359,0.377384
1.483500,-0.785861,0.090063,0.359432
1.489600,-0.777107,0.077593,0.338876
1.495700,-0.768655,0.065579,0.318186
1.501800,-0.760001,0.056483,0.297135
1.507900,-0.751143,0.046608,0.272660
1.514000,-0.742547,0.030134,0.244171
1.520100,-0.733557,0.019215,0.216547
1.526200,-0.724785,0.006184,0.184303
1.532300,-0.715603,-0.011759,0.145153
1.538400,-0.705796,-0.027541,0.098601
1.544500,-0.684236,-0.049458,0.067651
1.550600,-0.648516,-0.051042,0.065490
1.556700,-0.614247,-0.051814,0.064065
1.562800,-0.580881,-0.056487,0.061002
1.568900,-0.548883,-0.059075,0.059821
1.575000,-0.517875,-0.062658,0.057522
1.581100,-0.517875,-0.062658,0.057522
1.587200,-0.459321,-0.064538,0.055167
1.593300,-0.431730,-0.067000,0.053317
1.599400,-0.431730,-0.067000,0.053317
1.605500,-0.379808,-0.070164,0.049606
1.611600,-0.379808,-0.070164,0.049606
1.617700,-0.332586,-0.074112,0.048181
1.623800,-0.310378,-0.072362,0.046896
1.629900,-0.310378,-0.072362,0.046896
1.636000,-0.269112,-0.075370,0.043922
1.642100,-0.269112,-0.075370,0.043922
1.648200,-0.231475,-0.079266,0.040512
1.654300,-0.213913,-0.077112,0.038553
1.660400,-0.213913,-0.077112,0.038553
1.666500,-0.181678,-0.076699,0.036653
1.672600,-0.181678,-0.076699,0.036653
1.678700,-0.152275,-0.071814,0.032285
1.684800,-0.152275,-0.071814,0.032285
1.690900,-0.125407,-0.068798,0.027282
1.697000,-0.112575,-0.063706,0.023518
1.703100,-0.112575,-0.063706,0.023518
1.709200,-0.088177,-0.056699,0.016409
1.715300,-0.088177,-0.056699,0.016409
1.721400,-0.062947,-0.046064,0.004113
1.727500,-0.049060,-0.038709,-0.003565
1.733600,-0.049060,-0.038709,-0.003565
1.739700,-0.012318,-0.010980,-0.015064
1.745800,-0.012318,-0.010980,-0.015064
1.751900,0.008979,0.020428,-0.027842
1.758000,0.017073,0.027411,-0.035717
1.764100,0.017073,0.027411,-0.035717
1.770200,0.031501,0.036198,-0.050727
1.776300,0.031501,0.036198,-0.050727
1.782400,0.044616,0.041180,-0.062206
1.788500,0.050889,0.043848,-0.066901
1.794600,0.050889,0.043848,-0.066901
1.800700,0.063808,0.036799,-0.078420
1.806800,0.063808,0.036799,-0.078420
1.812900,0.077266,0.045779,-0.085232
1.819000,0.084186,0.037608,-0.092084
1.825100,0.084186,0.037608,-0.092084
1.831200,0.098332,0.038636,-0.097844
1.837300,0.098332,0.038636,-0.097844
1.843400,0.112595,0.022599,-0.109148
1.849500,0.119981,0.019234,-0.111649
1.855600,0.119981,0.019234,-0.111649
1.861700,0.134573,0.017520,-0.115951
1.867800,0.134573,0.017520,-0.115951
1.873900,0.149244,0.009610,-0.118804
1.880000,0.156517,0.005996,-0.118896
1.886100,0.163024,0.011633,-0.119452
1.892200,0.169908,0.012483,-0.119127
1.898300,0.169908,0.012483,-0.119127
1.904400,0.182673,0.002800,-0.120678
1.910500,0.188586,-0.002250,-0.121246
1.916600,0.194073,-0.015482,-0.123544
1.922700,0.198779,-0.022915,-0.124605
1.928800,0.198779,-0.022915,-0.124605
1.934900,0.172062,-0.019795,-0.139832
1.941000,0.154727,-0.042057,-0.149739
1.947100,0.136712,-0.075006,-0.158371
1.953200,0.118557,-0.094189,-0.165872
1.959300,0.099766,-0.111980,-0.173623
1.965400,0.080587,-0.129629,-0.185393
1.971500,0.060975,-0.136969,-0.191041
1.977600,0.039679,-0.128749,-0.187118
1.983700,0.016936,-0.112985,-0.181137
1.989800,0.016936,-0.112985,-0.181137
1.995900,-0.035865,-0.078858,-0.157639
2.002000,-0.067469,-0.067952,-0.142232
2.008100,-0.104977,-0.050908,-0.120827
2.014200,-0.151243,-0.007311,-0.097008
2.020300,-0.151243,-0.007311,-0.097008
2.026400,-0.211391,-0.012879,-0.158819
2.032500,-0.207128,-0.041719,-0.188947
2.038600,-0.198261,-0.081351,-0.225731
2.044700,-0.182933,-0.123342,-0.275437
2.050800,-0.182933,-0.123342,-0.275437
2.056900,-0.109617,-0.323724,-0.529565
2.063000,-0.055130,-0.227085,-0.525564
2.069100,-0.037668,-0.175996,-0.389862
2.075200,-0.028697,-0.160081,-0.300954
2.081300,-0.023212,-0.155916,-0.242471
2.087400,-0.019572,-0.149222,-0.200250
2.093500,-0.017222,-0.137848,-0.168968
2.099600,-0.015405,-0.129849,-0.144794
2.105700,-0.013822,-0.127314,-0.128715
2.111800,-0.012722,-0.107487,-0.112301
2.117900,-0.011934,-0.096036,-0.101902
2.124000,-0.011058,-0.080927,-0.090387
2.130100,-0.010301,-0.068973,-0.080442
2.136200,-0.009697,-0.060085,-0.073018
2.142300,-0.009059,-0.052342,-0.066626
2.148400,-0.008375,-0.043718,-0.060669
2.154500,-0.007805,-0.036788,-0.056066
2.160600,-0.007057,-0.029085,-0.052238
2.166700,-0.006076,-0.019423,-0.048841
2.172800,-0.005391,-0.014617,-0.045600
2.178900,-0.004833,-0.011342,-0.042548
2.185000,-0.004475,-0.008938,-0.039790
2.191100,-0.004134,-0.007403,-0.037173
2.197200,-0.003817,-0.006328,-0.034906
2.203300,-0.003599,-0.005178,-0.032679
2.209400,-0.003394,-0.004514,-0.030662
2.215500,-0.003167,-0.004104,-0.028875
2.221600,-0.003010,-0.003468,-0.027066
2.227700,-0.002869,-0.003102,-0.025443
2.233800,-0.002726,-0.002847,-0.023993
2.239900,-0.002605,-0.002696,-0.022629
2.246000,-0.002470,-0.002622,-0.021361
2.252100,-0.002389,-0.002477,-0.020167
2.258200,-0.002271,-0.002277,-0.019037
2.264300,-0.002190,-0.002128,-0.017985
2.270400,-0.002107,-0.002015,-0.017011
2.276500,-0.002024,-0.002039,-0.016167
2.282600,-0.001944,-0.001873,-0.015296
2.288700,-0.001880,-0.001845,-0.014512
2.294800,-0.001804,-0.001855,-0.013794
2.300900,-0.001746,-0.001879,-0.013114
2.307000,-0.001685,-0.001844,-0.012454
2.313100,-0.001623,-0.001847,-0.011851
2.319200,-0.001568,-0.001826,-0.011283
2.325300,-0.001514,-0.001828,-0.010735
2.331400,-0.001470,-0.001764,-0.010218
2.337500,-0.001420,-0.001743,-0.009756
2.343600,-0.001378,-0.001671,-0.009286
2.349700,-0.001335,-0.001711,-0.008858
2.355800,-0.001291,-0.001692,-0.008451
2.361900,-0.001257,-0.001661,-0.008082
2.368000,-0.001221,-0.001615,-0.007706
2.374100,-0.001185,-0.001596,-0.007351
2.380200,-0.001142,-0.001629,-0.007043
2.386300,-0.001112,-0.001576,-0.006741
2.392400,-0.001080,-0.001533,-0.006430
2.398500,-0.001053,-0.001500,-0.006141
2.404600,-0.001013,-0.001530,-0.005899
2.410700,-0.000991,-0.001477,-0.005643
2.416800,-0.000962,-0.001458,-0.005395
2.422900,-0.000936,-0.001413,-0.005158
2.429000,-0.000904,-0.001423,-0.004960
2.435100,-0.000880,-0.001394,-0.004751
2.441200,-0.000857,-0.001367,-0.004553
2.447300,-0.000832,-0.001337,-0.004358
2.453400,-0.000806,-0.001330,-0.004186
2.459500,-0.000786,-0.001299,-0.004020
2.465600,-0.000786,-0.001299,-0.004020
2.471700,-0.000746,-0.001219,-0.003686
2.477800,-0.000746,-0.001219,-0.003686
2.483900,-0.000716,-0.001254,-0.003555
2.490000,-0.000683,-0.001178,-0.003270
2.496100,-0.000683,-0.001178,-0.003270
2.502200,-0.000643,-0.001130,-0.003011
2.508300,-0.000643,-0.001130,-0.003011
2.514400,-0.000620,-0.001139,-0.002904
2.520500,-0.000593,-0.001051,-0.002673
2.526600,-0.000593,-0.001051,-0.002673
2.532700,-0.000555,-0.001020,-0.002474
2.538800,-0.000555,-0.001020,-0.002474
2.544900,-0.000539,-0.001010,-0.002375
2.551000,-0.000512,-0.000949,-0.002197
2.557100,-0.000512,-0.000949,-0.002197
2.563200,-0.000483,-0.000895,-0.002026
2.569300,-0.000483,-0.000895,-0.002026
2.575400,-0.000462,-0.000914,-0.001962
2.581500,-0.000439,-0.000859,-0.001812
2.587600,-0.000439,-0.000859,-0.001812
2.593700,-0.000414,-0.000810,-0.001674
2.599800,-0.000414,-0.000810,-0.001674
2.605900,-0.000402,-0.000787,-0.001609
2.612000,-0.000374,-0.000772,-0.001497
2.618100,-0.000374,-0.000772,-0.001497
2.624200,-0.000352,-0.000729,-0.001385
2.630300,-0.000352,-0.000729,-0.001385
2.636400,-0.000330,-0.000684,-0.001279
2.642500,-0.000320,-0.000663,-0.001230
2.648600,-0.000320,-0.000663,-0.001230
2.654700,-0.000296,-0.000640,-0.001141
2.660800,-0.000296,-0.000640,-0.001141
2.666900,-0.000276,-0.000610,-0.001057
2.673000,-0.000266,-0.000602,-0.001018
2.679100,-0.000266,-0.000602,-0.001018
2.685200,-0.000247,-0.000563,-0.000941
2.691300,-0.000247,-0.000563,-0.000941
2.697400,-0.000230,-0.000532,-0.000869
2.703500,-0.000221,-0.000515,-0.000835
2.709600,-0.000221,-0.000515,-0.000835
2.715700,-0.000204,-0.000489,-0.000772
2.721800,-0.000195,-0.000474,-0.000741
2.727900,-0.000187,-0.000463,-0.000713
2.734000,-0.000180,-0.000448,-0.000684
2.740100,-0.000171,-0.000437,-0.000658
2.746200,-0.000163,-0.000426,-0.000633
2.752300,-0.000156,-0.000412,-0.000608
2.758400,-0.000148,-0.000402,-0.000584
2.764500,-0.000141,-0.000393,-0.000561
2.770600,-0.000134,-0.000379,-0.000539
2.776700,-0.000126,-0.000371,-0.000517
2.782800,-0.000119,-0.000361,-0.000496
2.788900,-0.000113,-0.000348,-0.000476
2.795000,-0.000106,-0.000336,-0.000455
2.801100,-0.000100,-0.000326,-0.000436
2.807200,-0.000093,-0.000318,-0.000419
2.813300,-0.000087,-0.000308,-0.000402
2.819400,-0.000080,-0.000302,-0.000386
2.825500,-0.000074,-0.000291,-0.000370
2.831600,-0.000068,-0.000280,-0.000354
2.837700,-0.000063,-0.000272,-0.000339
2.843800,-0.000057,-0.000266,-0.000326
2.849900,-0.000051,-0.000259,-0.000312
2.856000,-0.000046,-0.000248,-0.000297
2.862100,-0.000041,-0.000242,-0.000285
2.868200,-0.000035,-0.000234,-0.000272
2.874300,-0.000035,-0.000234,-0.000272
2.880400,-0.000025,-0.000220,-0.000249
2.886500,-0.000020,-0.000210,-0.000237
2.892600,-0.000015,-0.000205,-0.000227
2.898700,-0.000010,-0.000197,-0.000216
2.904800,-0.000010,-0.000197,-0.000216
2.910900,-0.000001,-0.000186,-0.000197
2.917000,0.000003,-0.000180,-0.000188
2.923100,0.000008,-0.000174,-0.000178
2.929200,0.000012,-0.000169,-0.000170
2.935300,0.000012,-0.000169,-0.000170
2.941400,0.000021,-0.000158,-0.000153
2.947500,0.000025,-0.000154,-0.000144
2.953600,0.000029,-0.000149,-0.000137
2.959700,0.000033,-0.000144,-0.000129
2.965800,0.000033,-0.000144,-0.000129
2.971900,0.000040,-0.000136,-0.000115
2.978000,0.000044,-0.000132,-0.000108
2.984100,0.000047,-0.000128,-0.000101
2.990200,0.000051,-0.000124,-0.000094
2.996300,0.000051,-0.000124,-0.000094
3.002400,0.000058,-0.000117,-0.000082
3.008500,0.000061,-0.000114,-0.000076
3.014600,0.000064,-0.000111,-0.000072
3.020700,0.000064,-0.000111,-0.000072
3.026800,0.000064,-0.000111,-0.000072
3.032900,0.000064,-0.000111,-0.000072
3.039000,0.000064,-0.000111,-0.000072
3.045100,0.000064,-0.000111,-0.000072
3.051200,0.000064,-0.000111,-0.000072
3.057300,0.000064,-0.000111,-0.000072
3.063400,0.000064,-0.000111,-0.000072
3.069500,0.000064,-0.000111,-0.000072
3.075600,0.000064,-0.000111,-0.000072
3.081700,0.000064,-0.000111,-0.000072
3.087800,0.000064,-0.000111,-0.000072
3.093900,0.000064,-0.000111,-0.000072
3.100000,0.000064,-0.000111,-0.000072
