# energy,bc_sum,bcd_x_sum,bcd_y_sum
-3.000000,0.000014,0.000014,-0.000018
-2.993900,0.000018,0.000018,-0.000023
-2.987800,0.000021,0.000022,-0.000028
-2.981700,0.000025,0.000026,-0.000033
-2.975600,0.000029,0.000031,-0.000038
-2.969500,0.000033,0.000035,-0.000043
-2.963400,0.000036,0.000040,-0.000049
-2.957300,0.000040,0.000044,-0.000054
-2.951200,0.000045,0.000049,-0.000060
-2.945100,0.000049,0.000055,-0.000066
-2.939000,0.000053,0.000060,-0.000072
-2.932900,0.000057,0.000066,-0.000078
-2.926800,0.000062,0.000072,-0.000084
-2.920700,0.000067,0.000077,-0.000090
-2.914600,0.000071,0.000085,-0.000096
-2.908500,0.000076,0.000091,-0.000103
-2.902400,0.000081,0.000096,-0.000110
-2.896300,0.000086,0.000102,-0.000117
-2.890200,0.000091,0.000111,-0.000124
-2.884100,0.000096,0.000120,-0.000131
-2.878000,0.000101,0.000129,-0.000139
-2.871900,0.000107,0.000134,-0.000149
-2.865800,0.000112,0.000146,-0.000157
-2.859700,0.000118,0.000154,-0.000165
-2.853600,0.000123,0.000159,-0.000176
-2.847500,0.000129,0.000170,-0.000184
-2.841400,0.000135,0.000175,-0.000197
-2.835300,0.000141,0.000187,-0.000207
-2.829200,0.000147,0.000200,-0.000217
-2.823100,0.000154,0.000202,-0.000230
-2.817000,0.000160,0.000214,-0.000240
-2.810900,0.000166,0.000225,-0.000253
-2.804800,0.000173,0.000237,-0.000267
-2.798700,0.000179,0.000245,-0.000281
-2.792600,0.000186,0.000258,-0.000291
-2.786500,0.000194,0.000266,-0.000308
-2.780400,0.000201,0.000283,-0.000323
-2.774300,0.000208,0.000292,-0.000339
-2.768200,0.000216,0.000298,-0.000356
-2.762100,0.000224,0.000312,-0.000377
-2.756000,0.000231,0.000324,-0.000395
-2.749900,0.000239,0.000336,-0.000414
-2.743800,0.000247,0.000354,-0.000432
-2.737700,0.000255,0.000368,-0.000455
-2.731600,0.000264,0.000376,-0.000477
-2.725500,0.000272,0.000392,-0.000501
-2.719400,0.000280,0.000407,-0.000522
-2.713300,0.000289,0.000420,-0.000545
-2.707200,0.000289,0.000420,-0.000545
-2.701100,0.000307,0.000454,-0.000600
-2.695000,0.000318,0.000464,-0.000625
-2.688900,0.000326,0.000486,-0.000655
-2.682800,0.000336,0.000499,-0.000680
-2.676700,0.000346,0.000514,-0.000720
-2.670600,0.000356,0.000532,-0.000750
-2.664500,0.000366,0.000547,-0.000778
-2.658400,0.000376,0.000582,-0.000816
-2.652300,0.000388,0.000590,-0.000852
-2.646200,0.000401,0.000599,-0.000895
-2.640100,0.000411,0.000621,-0.000937
-2.634000,0.000423,0.000632,-0.000974
-2.627900,0.000434,0.000663,-0.001024
-2.621800,0.000445,0.000676,-0.001069
-2.615700,0.000460,0.000692,-0.001121
-2.609600,0.000470,0.000720,-0.001168
-2.603500,0.000486,0.000728,-0.001223
-2.597400,0.000498,0.000751,-0.001281
-2.591300,0.000511,0.000771,-0.001334
-2.585200,0.000524,0.000803,-0.001396
-2.579100,0.000538,0.000816,-0.001454
-2.573000,0.000549,0.000864,-0.001520
-2.566900,0.000564,0.000874,-0.001594
-2.560800,0.000583,0.000889,-0.001666
-2.554700,0.000595,0.000921,-0.001745
-2.548600,0.000615,0.000927,-0.001822
-2.542500,0.000629,0.000958,-0.001910
-2.536400,0.000647,0.000986,-0.001984
-2.530300,0.000667,0.000983,-0.002094
-2.524200,0.000682,0.001027,-0.002176
-2.518100,0.000696,0.001061,-0.002284
-2.512000,0.000721,0.001060,-0.002388
-2.505900,0.000734,0.001116,-0.002502
-2.499800,0.000756,0.001132,-0.002608
-2.493700,0.000769,0.001187,-0.002724
-2.487600,0.000795,0.001178,-0.002862
-2.481500,0.000812,0.001232,-0.002993
-2.475400,0.000836,0.001227,-0.003147
-2.469300,0.000858,0.001269,-0.003296
-2.463200,0.000880,0.001304,-0.003453
-2.457100,0.000903,0.001349,-0.003621
-2.451000,0.000934,0.001336,-0.003801
-2.444900,0.000959,0.001368,-0.003988
-2.438800,0.000984,0.001399,-0.004186
-2.432700,0.001010,0.001448,-0.004386
-2.426600,0.001038,0.001464,-0.004594
-2.420500,0.001065,0.001482,-0.004847
-2.414400,0.001102,0.001473,-0.005084
-2.408300,0.001120,0.001606,-0.005307
-2.402200,0.001161,0.001566,-0.005593
-2.396100,0.001187,0.001618,-0.005891
-2.390000,0.001232,0.001590,-0.006192
-2.383900,0.001253,0.001708,-0.006494
-2.377800,0.001304,0.001691,-0.006825
-2.371700,0.001332,0.001768,-0.007224
-2.365600,0.001379,0.001732,-0.007598
-2.359500,0.001411,0.001848,-0.008005
-2.353400,0.001461,0.001859,-0.008416
-2.347300,0.001515,0.001812,-0.008895
-2.341200,0.001568,0.001833,-0.009403
-2.335100,0.001607,0.001951,-0.009883
-2.329000,0.001663,0.001955,-0.010462
-2.322900,0.001721,0.001960,-0.011098
-2.316800,0.001721,0.001960,-0.011098
-2.310700,0.001774,0.002067,-0.011685
-2.304600,0.001905,0.002217,-0.013074
-2.298500,0.001971,0.002192,-0.013862
-2.292400,0.001971,0.002192,-0.013862
-2.286300,0.002030,0.002463,-0.014618
-2.280200,0.002192,0.002501,-0.016504
-2.274100,0.002312,0.002743,-0.017399
-2.268000,0.002397,0.003083,-0.018509
-2.261900,0.002397,0.003083,-0.018509
-2.255800,0.002624,0.003112,-0.021072
-2.249700,0.002699,0.003729,-0.022137
-2.243600,0.002840,0.003926,-0.023782
-2.237500,0.002963,0.004261,-0.025139
-2.231400,0.003136,0.005114,-0.026932
-2.225300,0.003292,0.005953,-0.028329
-2.219200,0.003500,0.006365,-0.030340
-2.213100,0.003739,0.007734,-0.032121
-2.207000,0.004018,0.009512,-0.034274
-2.200900,0.004298,0.010826,-0.036213
-2.194800,0.004688,0.013444,-0.038674
-2.188700,0.005116,0.017399,-0.039907
-2.182600,0.005715,0.021009,-0.041490
-2.176500,0.006630,0.027747,-0.041001
-2.170400,0.007472,0.041100,-0.037717
-2.164300,0.008168,0.047674,-0.037852
-2.158200,0.008852,0.056480,-0.039702
-2.152100,0.009540,0.070340,-0.039907
-2.146000,0.010200,0.081665,-0.040705
-2.139900,0.011000,0.094750,-0.043388
-2.133800,0.011821,0.118892,-0.046664
-2.127700,0.012575,0.134089,-0.047326
-2.121600,0.013554,0.147977,-0.050875
-2.115500,0.014792,0.166624,-0.056037
-2.109400,0.016385,0.184813,-0.069243
-2.103300,0.018236,0.192977,-0.092099
-2.097200,0.021105,0.205062,-0.121851
-2.091100,0.025227,0.208849,-0.167028
-2.085000,0.031923,0.218528,-0.229829
-2.078900,0.043162,0.249540,-0.321337
-2.072800,0.067382,0.351169,-0.424587
-2.066700,0.134452,0.275991,-0.289048
-2.060600,0.169582,0.179469,-0.220951
-2.054500,0.190013,0.127206,-0.184611
-2.048400,0.202640,0.073826,-0.161017
-2.042300,0.209510,0.023589,-0.145669
-2.036200,0.212184,-0.026073,-0.131259
-2.030100,0.185898,-0.072625,-0.116523
-2.024000,0.131654,0.034499,-0.073501
-2.017900,0.089376,0.058144,-0.090502
-2.011800,0.054665,0.070564,-0.103834
-2.005700,0.024600,0.091378,-0.113026
-1.999600,-0.002419,0.113836,-0.114976
-1.993500,-0.026449,0.132100,-0.118829
-1.987400,-0.048373,0.145422,-0.119839
-1.981300,-0.069093,0.146812,-0.118761
-1.975200,-0.088368,0.133340,-0.114916
-1.969100,-0.107433,0.122677,-0.107373
-1.963000,-0.125164,0.087374,-0.114423
-1.956900,-0.143761,0.059304,-0.121135
-1.950800,-0.161618,0.024398,-0.127207
-1.944700,-0.178745,-0.001299,-0.131762
-1.938600,-0.196516,0.014107,-0.122703
-1.932500,-0.196797,0.020639,-0.120405
-1.926400,-0.191942,0.000901,-0.124566
-1.920300,-0.186270,-0.016279,-0.129369
-1.914200,-0.180403,-0.021004,-0.130716
-1.908100,-0.173711,-0.026967,-0.133899
-1.902000,-0.167601,-0.031355,-0.132819
-1.895900,-0.160517,-0.028858,-0.131679
-1.889800,-0.153445,-0.027111,-0.130193
-1.883700,-0.146319,-0.029691,-0.130379
-1.877600,-0.138906,-0.030012,-0.130199
-1.871500,-0.131627,-0.031082,-0.128897
-1.865400,-0.124135,-0.033868,-0.127598
-1.859300,-0.116838,-0.041090,-0.126739
-1.853200,-0.109459,-0.045693,-0.125729
-1.847100,-0.109459,-0.045693,-0.125729
-1.841000,-0.095242,-0.059599,-0.122262
-1.834900,-0.095242,-0.059599,-0.122262
-1.828800,-0.088194,-0.064983,-0.119907
-1.822700,-0.074485,-0.060224,-0.107337
-1.816600,-0.074485,-0.060224,-0.107337
-1.810500,-0.061163,-0.058037,-0.094893
-1.804400,-0.054746,-0.055041,-0.085999
-1.798300,-0.054746,-0.055041,-0.085999
-1.792200,-0.042144,-0.057981,-0.076403
-1.786100,-0.042144,-0.057981,-0.076403
-1.780000,-0.028787,-0.052901,-0.062559
-1.773900,-0.021532,-0.041634,-0.055571
-1.767800,-0.021532,-0.041634,-0.055571
-1.761700,-0.005339,-0.021046,-0.045565
-1.755600,0.005037,-0.005048,-0.040063
-1.749500,0.017996,0.020546,-0.033886
-1.743400,0.039042,0.044837,-0.022033
-1.737300,0.039042,0.044837,-0.022033
-1.731200,0.068495,0.063442,-0.004340
-1.725100,0.081154,0.075180,0.006758
-1.719000,0.093164,0.073098,0.014287
-1.712900,0.105467,0.081834,0.019390
-1.706800,0.117956,0.086776,0.026376
-1.700700,0.130722,0.087759,0.031049
-1.694600,0.144380,0.094032,0.037159
-1.688500,0.158132,0.093547,0.040198
-1.682400,0.172676,0.100340,0.043879
-1.676300,0.188098,0.098509,0.046835
-1.670200,0.204130,0.098935,0.047682
-1.664100,0.221135,0.099000,0.051229
-1.658000,0.238884,0.099861,0.052877
-1.651900,0.257606,0.102770,0.055422
-1.645800,0.277275,0.100577,0.056855
-1.639700,0.297504,0.096266,0.057773
-1.633600,0.297504,0.096266,0.057773
-1.627500,0.341922,0.097546,0.059473
-1.621400,0.341922,0.097546,0.059473
-1.615300,0.365599,0.097942,0.060757
-1.609200,0.416086,0.095507,0.062092
-1.603100,0.416086,0.095507,0.062092
-1.597000,0.470808,0.089424,0.062067
-1.590900,0.499663,0.089208,0.063613
-1.584800,0.499663,0.089208,0.063613
-1.578700,0.561596,0.083735,0.065555
-1.572600,0.561596,0.083735,0.065555
-1.566500,0.627715,0.080792,0.064766
-1.560400,0.662946,0.075930,0.067139
-1.554300,0.698922,0.073167,0.065909
-1.548200,0.709844,0.055443,0.096577
-1.542100,0.719496,0.047370,0.122611
-1.536000,0.728509,0.040264,0.155993
-1.529900,0.737499,0.031331,0.185025
-1.523800,0.737499,0.031331,0.185025
-1.517700,0.754948,0.014281,0.227867
-1.511600,0.763769,-0.003074,0.243868
-1.505500,0.772389,-0.012027,0.261809
-1.499400,0.780748,-0.015355,0.281449
-1.493300,0.789242,-0.031226,0.296114
-1.487200,0.798168,-0.036337,0.310014
-1.481100,0.806167,-0.050090,0.324007
-1.475000,0.814840,-0.056885,0.335978
-1.468900,0.822612,-0.064452,0.345044
-1.462800,0.830824,-0.067775,0.360049
-1.456700,0.838966,-0.075210,0.367227
-1.450600,0.846807,-0.079044,0.378657
-1.444500,0.854795,-0.082170,0.391707
-1.438400,0.862222,-0.092981,0.401053
-1.432300,0.869936,-0.098240,0.409767
-1.426200,0.877084,-0.101540,0.418937
-1.420100,0.884028,-0.107515,0.427568
-1.414000,0.890712,-0.117528,0.438063
-1.407900,0.890712,-0.117528,0.438063
-1.401800,0.898548,-0.118129,0.446711
-1.395700,0.911230,-0.130598,0.467476
-1.389600,0.911230,-0.130598,0.467476
-1.383500,0.923652,-0.132129,0.486849
-1.377400,0.923652,-0.132129,0.486849
-1.371300,0.928939,-0.147298,0.488871
-1.365200,0.939614,-0.145806,0.506386
-1.359100,0.939614,-0.145806,0.506386
-1.353000,0.949640,-0.154318,0.519946
-1.346900,0.953803,-0.151829,0.534891
-1.340800,0.953803,-0.151829,0.534891
-1.334700,0.962664,-0.155395,0.550727
-1.328600,0.962664,-0.155395,0.550727
-1.322500,0.969128,-0.155602,0.562654
-1.316400,0.972216,-0.153998,0.569223
-1.310300,0.972216,-0.153998,0.569223
-1.304200,0.977912,-0.152670,0.586577
-1.298100,0.981064,-0.151762,0.594247
-1.292000,0.982674,-0.152634,0.598192
-1.285900,0.982674,-0.152634,0.598192
-1.279800,0.986219,-0.141549,0.617378
-1.273700,0.987311,-0.142016,0.617049
-1.267600,0.987781,-0.132176,0.631069
-1.261500,0.988680,-0.131761,0.632318
-1.255400,0.989738,-0.120275,0.643325
-1.249300,0.989309,-0.127243,0.643971
-1.243200,0.990147,-0.112155,0.660445
-1.237100,0.989758,-0.114504,0.656684
-1.231000,0.990072,-0.112685,0.666176
-1.224900,0.988061,-0.093357,0.672646
-1.218800,0.986788,-0.083157,0.673686
-1.212700,0.986748,-0.079195,0.678593
-1.206600,0.984728,-0.066731,0.679723
-1.200500,0.982863,-0.051094,0.688873
-1.194400,0.979625,-0.042901,0.689733
-1.188300,0.978968,-0.027762,0.693026
-1.182200,0.975237,-0.009816,0.694067
-1.176100,0.972603,0.005257,0.694025
-1.170000,0.969761,0.024633,0.696768
-1.163900,0.964973,0.055229,0.697734
-1.157800,0.960179,0.084946,0.692044
-1.151700,0.955817,0.092666,0.692513
-1.145600,0.950688,0.141146,0.693631
-1.139500,0.944173,0.171001,0.684705
-1.133400,0.936588,0.199736,0.678388
-1.127300,0.929732,0.235018,0.664765
-1.121200,0.921595,0.274038,0.661503
-1.115100,0.911689,0.312620,0.645637
-1.109000,0.900729,0.350034,0.633929
-1.102900,0.888917,0.377061,0.612323
-1.096800,0.876649,0.417066,0.589293
-1.090700,0.861571,0.448089,0.566748
-1.084600,0.861571,0.448089,0.566748
-1.078500,0.826760,0.498595,0.499603
-1.072400,0.807263,0.514887,0.473660
-1.066300,0.807263,0.514887,0.473660
-1.060200,0.760247,0.539997,0.383245
-1.054100,0.731390,0.544034,0.346970
-1.048000,0.693680,0.554268,0.299420
-1.041900,0.663710,0.550106,0.253013
-1.035800,0.663710,0.550106,0.253013
-1.029700,0.608211,0.501355,0.145625
-1.023600,0.575581,0.469780,0.095677
-1.017500,0.575581,0.469780,0.095677
-1.011400,0.511326,0.380581,-0.009347
-1.005300,0.474601,0.341121,-0.066483
-0.999200,0.440071,0.287646,-0.118258
-0.993100,0.405155,0.227145,-0.164813
-0.987000,0.367576,0.176386,-0.208621
-0.980900,0.334154,0.114445,-0.249047
-0.974800,0.304035,0.055923,-0.296012
-0.968700,0.271810,-0.004752,-0.332478
-0.962600,0.241518,-0.041225,-0.350806
-0.956500,0.210174,-0.090335,-0.380039
-0.950400,0.180582,-0.130678,-0.402447
-0.944300,0.148845,-0.163511,-0.410426
-0.938200,0.119736,-0.197711,-0.424895
-0.932100,0.093330,-0.214437,-0.426225
-0.926000,0.064339,-0.239484,-0.434600
-0.919900,0.037937,-0.249375,-0.437205
-0.913800,0.012296,-0.261433,-0.432629
-0.907700,-0.010629,-0.260105,-0.427930
-0.901600,-0.035235,-0.260500,-0.420218
-0.895500,-0.060792,-0.258534,-0.412935
-0.889400,-0.081931,-0.264228,-0.400506
-0.883300,-0.104591,-0.256581,-0.382742
-0.877200,-0.126782,-0.244809,-0.375023
-0.871100,-0.146517,-0.239546,-0.355040
-0.865000,-0.167083,-0.238845,-0.347338
-0.858900,-0.188068,-0.220317,-0.328216
-0.852800,-0.208686,-0.219842,-0.317840
-0.846700,-0.226066,-0.211852,-0.303632
-0.840600,-0.247482,-0.193973,-0.286011
-0.834500,-0.265381,-0.191641,-0.278968
-0.828400,-0.282509,-0.182546,-0.260559
-0.822300,-0.302264,-0.172418,-0.252545
-0.816200,-0.321200,-0.165201,-0.244209
-0.810100,-0.339195,-0.157455,-0.235812
-0.804000,-0.356649,-0.145792,-0.233337
-0.797900,-0.376199,-0.141805,-0.218360
-0.791800,-0.394245,-0.135662,-0.211196
-0.785700,-0.413164,-0.127299,-0.199118
-0.779600,-0.431573,-0.122922,-0.193784
-0.773500,-0.450832,-0.118481,-0.185329
-0.767400,-0.468843,-0.118153,-0.183443
-0.761300,-0.488711,-0.110711,-0.177418
-0.755200,-0.508937,-0.109087,-0.169149
-0.749100,-0.527895,-0.111334,-0.166393
-0.743000,-0.546892,-0.105523,-0.159173
-0.736900,-0.568459,-0.102310,-0.155075
-0.730800,-0.588398,-0.101090,-0.152995
-0.724700,-0.607356,-0.104657,-0.141916
-0.718600,-0.629817,-0.103029,-0.136682
-0.712500,-0.650972,-0.103184,-0.130315
-0.706400,-0.674355,-0.098686,-0.124854
-0.700300,-0.674355,-0.098686,-0.124854
-0.694200,-0.697614,-0.099670,-0.119038
-0.688100,-0.744017,-0.094445,-0.115014
-0.682000,-0.767600,-0.091451,-0.107277
-0.675900,-0.793439,-0.088373,-0.102739
-0.669800,-0.793439,-0.088373,-0.102739
-0.663700,-0.818700,-0.086243,-0.099823
-0.657600,-0.845520,-0.080977,-0.092046
-0.651500,-0.901463,-0.075200,-0.085408
-0.645400,-0.931610,-0.070203,-0.082301
-0.639300,-0.961214,-0.065674,-0.078429
-0.633200,-0.961214,-0.065674,-0.078429
-0.627100,-0.988711,-0.057444,-0.074766
-0.621000,-0.921477,-0.064200,-0.068957
-0.614900,-0.886106,-0.070891,-0.063560
-0.608800,-0.847837,-0.075219,-0.061213
-0.602700,-0.847837,-0.075219,-0.061213
-0.596600,-0.809104,-0.081887,-0.058274
-0.590500,-0.726710,-0.094500,-0.051975
-0.584400,-0.680965,-0.099081,-0.051599
-0.578300,-0.634455,-0.104911,-0.048951
-0.572200,-0.634455,-0.104911,-0.048951
-0.566100,-0.585171,-0.110815,-0.047961
-0.560000,-0.479581,-0.119074,-0.040840
-0.553900,-0.423309,-0.125210,-0.039829
-0.547800,-0.362224,-0.127020,-0.034952
-0.541700,-0.298940,-0.137513,-0.033902
-0.535600,-0.298940,-0.137513,-0.033902
-0.529500,-0.160350,-0.140189,-0.025562
-0.523400,-0.083902,-0.144519,-0.018868
-0.517300,-0.003823,-0.149688,-0.019687
-0.511200,0.083194,-0.151897,-0.014013
-0.505100,0.083194,-0.151897,-0.014013
-0.499000,0.274396,-0.161952,-0.008610
-0.492900,0.381032,-0.165978,-0.003900
-0.486800,0.496349,-0.178082,-0.005755
-0.480700,0.622738,-0.188548,-0.006321
-0.474600,0.622738,-0.188548,-0.006321
-0.468500,0.908324,-0.226571,-0.015310
-0.462400,0.945568,-0.254019,-0.021481
-0.456300,0.951525,-0.268802,-0.020038
-0.450200,0.962137,-0.283694,-0.026417
-0.444100,0.969772,-0.295081,-0.021467
-0.438000,0.977406,-0.321126,-0.032542
-0.431900,0.986405,-0.328861,-0.027749
-0.425800,0.996602,-0.340445,-0.038853
-0.419700,1.005881,-0.357552,-0.034550
-0.413600,1.014349,-0.374573,-0.038307
-0.407500,1.025611,-0.391636,-0.040725
-0.401400,1.035288,-0.416831,-0.046789
-0.395300,1.047220,-0.438178,-0.045051
-0.389200,1.055665,-0.464483,-0.061733
-0.383100,1.069820,-0.488549,-0.054797
-0.377000,1.078427,-0.518431,-0.070453
-0.370900,1.091963,-0.561765,-0.077810
-0.364800,1.103434,-0.592374,-0.091082
-0.358700,1.115821,-0.618998,-0.094107
-0.352600,1.130506,-0.653457,-0.101000
-0.346500,1.146072,-0.694603,-0.106382
-0.340400,1.160662,-0.730329,-0.122547
-0.334300,1.178986,-0.764936,-0.130248
-0.328200,1.194981,-0.814869,-0.146627
-0.322100,1.212263,-0.846520,-0.152842
-0.316000,1.232507,-0.899222,-0.169874
-0.309900,1.252327,-0.951835,-0.193835
-0.303800,1.270352,-0.998663,-0.213590
-0.297700,1.292544,-1.050296,-0.243682
-0.291600,1.315023,-1.110441,-0.268916
-0.285500,1.340381,-1.184999,-0.297940
-0.279400,1.367095,-1.258710,-0.326291
-0.273300,1.395758,-1.342246,-0.360100
-0.267200,1.395758,-1.342246,-0.360100
-0.261100,1.424439,-1.431938,-0.404794
-0.255000,1.444832,-1.720109,-0.535710
-0.248900,1.235639,-2.160092,-0.751132
-0.242800,1.235639,-2.160092,-0.751132
-0.236700,1.055130,-2.580537,-0.958666
-0.230600,1.008828,-2.582950,-0.959438
-0.224500,1.062597,-2.157893,-0.733604
-0.218400,1.139671,-1.816377,-0.554565
-0.212300,1.139671,-1.816377,-0.554565
-0.206200,1.245557,-1.407990,-0.349755
-0.200100,1.378330,-0.937742,-0.108978
-0.194000,1.546165,-0.642847,0.044469
-0.187900,1.504456,-0.643191,0.043351
-0.181800,1.460365,-0.641195,0.042133
-0.175700,1.460365,-0.641195,0.042133
-0.169600,1.414115,-0.632799,0.037555
-0.163500,1.313225,-0.592324,0.035119
-0.157400,1.258493,-0.559624,0.034882
-0.151300,1.200204,-0.510188,0.032243
-0.145200,1.200204,-0.510188,0.032243
-0.139100,1.072407,-0.356298,0.027576
-0.133000,1.001655,-0.237308,0.026222
-0.126900,0.925691,-0.080972,0.023081
-0.120800,0.844376,0.128154,0.020358
-0.114700,0.757215,0.404990,0.017099
-0.108600,0.662817,0.773862,0.014214
-0.102500,0.559788,1.275552,0.011928
-0.096400,0.446435,2.002970,0.010561
-0.090300,0.336895,2.910242,0.009284
-0.084200,0.262051,2.322095,0.007290
-0.078100,0.174133,1.564934,0.005429
-0.072000,0.072839,0.671123,0.002194
-0.065900,0.000071,-0.000096,-0.000201
-0.059800,0.000071,-0.000096,-0.000201
-0.053700,0.000071,-0.000096,-0.000201
-0.047600,0.000071,-0.000096,-0.000201
-0.041500,0.000071,-0.000096,-0.000201
-0.035400,0.000071,-0.000096,-0.000201
-0.029300,0.000071,-0.000096,-0.000201
-0.023200,0.000071,-0.000096,-0.000201
-0.017100,0.000071,-0.000096,-0.000201
-0.011000,0.000071,-0.000096,-0.000201
-0.004900,0.000071,-0.000096,-0.000201
0.001200,0.000071,-0.000096,-0.000201
0.007300,0.000071,-0.000096,-0.000201
0.013400,0.000071,-0.000096,-0.000201
0.019500,0.000071,-0.000096,-0.000201
0.025600,0.000071,-0.000096,-0.000201
0.031700,0.000071,-0.000096,-0.000201
0.037800,0.000071,-0.000096,-0.000201
0.043900,0.000071,-0.000096,-0.000201
0.050000,0.000071,-0.000096,-0.000201
0.056100,-0.004602,-0.044340,-0.022379
0.062200,-0.114433,-1.041309,-0.522873
0.068300,-0.210078,-1.878176,-0.942357
0.074400,-0.292978,-2.581363,-1.294879
0.080500,-0.371847,-2.691780,-1.350731
0.086600,-0.492181,-1.679046,-0.845204
0.092700,-0.601304,-1.058021,-0.535697
0.098800,-0.700725,-0.616648,-0.316016
0.104900,-0.792134,-0.287768,-0.153468
0.111000,-0.876971,-0.038525,-0.030404
0.117100,-0.956253,0.147933,0.061521
0.123200,-1.030105,0.287653,0.130197
0.129300,-1.098689,0.393771,0.182071
0.135400,-1.163076,0.474201,0.221595
0.141500,-1.223467,0.530726,0.248610
0.147600,-1.280352,0.573369,0.268859
0.153700,-1.333862,0.602120,0.282699
0.159800,-1.384615,0.625328,0.293009
0.165900,-1.432497,0.635158,0.296152
0.172000,-1.477690,0.641073,0.299568
0.178100,-1.477690,0.641073,0.299568
0.184200,-1.521010,0.645692,0.300444
0.190300,-1.549960,0.626475,0.302298
0.196400,-1.472590,0.629480,0.302400
0.202500,-1.200594,1.576289,0.302722
0.208600,-1.105437,1.956777,0.298982
0.214700,-1.105437,1.956777,0.298982
0.220800,-1.040725,2.272323,0.297500
0.226900,-1.008753,2.501846,0.290541
0.233000,-1.099038,2.507332,0.276816
0.239100,-1.319163,1.979412,0.270435
0.245200,-1.319163,1.979412,0.270435
0.251300,-1.476182,1.621357,0.262088
0.257400,-1.444897,1.499723,0.255433
0.263500,-1.385243,1.307552,0.246357
0.269600,-1.356827,1.228560,0.243946
0.275700,-1.356827,1.228560,0.243946
0.281800,-1.331164,1.151667,0.236597
0.287900,-1.306219,1.079257,0.233432
0.294000,-1.262688,0.981256,0.236497
0.300100,-1.243007,0.927269,0.236967
0.306200,-1.224475,0.891557,0.234480
0.312300,-1.224475,0.891557,0.234480
0.318400,-1.205450,0.839964,0.237585
0.324500,-1.171754,0.749945,0.230044
0.330600,-1.155166,0.714412,0.230553
0.336700,-1.139418,0.668352,0.218728
0.342800,-1.139418,0.668352,0.218728
0.348900,-1.126301,0.641451,0.234210
0.355000,-1.097087,0.588054,0.221718
0.361100,-1.087061,0.541272,0.216699
0.367200,-1.074150,0.519388,0.215287
0.373300,-1.074150,0.519388,0.215287
0.379400,-1.063582,0.479965,0.212275
0.385500,-1.041003,0.432186,0.195454
0.391600,-1.031286,0.417355,0.207394
0.397700,-1.021399,0.387923,0.199469
0.403800,-1.011431,0.372223,0.204306
0.409900,-1.011431,0.372223,0.204306
0.416000,-0.992773,0.338043,0.191162
0.422100,-0.983064,0.321940,0.174173
0.428200,-0.983064,0.321940,0.174173
0.434300,-0.963720,0.298875,0.170855
0.440400,-0.958786,0.277337,0.177889
0.446500,-0.948972,0.260939,0.157658
0.452600,-0.941373,0.251050,0.154337
0.458700,-0.846432,0.220272,0.144099
0.464800,-0.702612,0.196594,0.149673
0.470900,-0.569970,0.182215,0.143847
0.477000,-0.450073,0.173509,0.144154
0.483100,-0.336690,0.166264,0.138384
0.489200,-0.233494,0.160173,0.133640
0.495300,-0.137242,0.155501,0.129697
0.501400,-0.048097,0.152202,0.127647
0.507500,0.036517,0.150151,0.121289
0.513600,0.115293,0.143215,0.115517
0.519700,0.188435,0.143371,0.116696
0.525800,0.258493,0.139524,0.110477
0.531900,0.324812,0.134251,0.111222
0.538000,0.385084,0.130499,0.106051
0.544100,0.445458,0.124332,0.099106
0.550200,0.501281,0.121439,0.096108
0.556300,0.553641,0.115897,0.094397
0.562400,0.603975,0.106153,0.087686
0.568500,0.653338,0.105939,0.087883
0.574600,0.698741,0.094610,0.085269
0.580700,0.742347,0.089996,0.081175
0.586800,0.784499,0.085739,0.082914
0.592900,0.824327,0.075743,0.075742
0.599000,0.862690,0.074075,0.075043
0.605100,0.900215,0.071378,0.065721
0.611200,0.934854,0.065590,0.066071
0.617300,0.969192,0.061019,0.059728
0.623400,0.980770,0.062695,0.060995
0.629500,0.949085,0.068346,0.059855
0.635600,0.919164,0.072739,0.062181
0.641700,0.891053,0.074662,0.063790
0.647800,0.861645,0.080619,0.064639
0.653900,0.835714,0.081808,0.060998
0.660000,0.808439,0.086703,0.064953
0.666100,0.782606,0.088711,0.062287
0.672200,0.758473,0.091524,0.062581
0.678300,0.734318,0.095599,0.065165
0.684400,0.711295,0.094329,0.060493
0.690500,0.688252,0.100293,0.061048
0.696600,0.665541,0.103524,0.058975
0.702700,0.643532,0.100717,0.058695
0.708800,0.621708,0.104306,0.059824
0.714900,0.600684,0.097934,0.062712
0.721000,0.580916,0.102806,0.062861
0.727100,0.559861,0.099411,0.065082
0.733200,0.541409,0.104861,0.049186
0.739300,0.519613,0.106732,0.046337
0.745400,0.500462,0.116031,0.032802
0.751500,0.481486,0.111546,0.031300
0.757600,0.462281,0.116321,0.019660
0.763700,0.443177,0.122768,0.014879
0.769800,0.424121,0.123323,0.010648
0.775900,0.406376,0.133840,0.001766
0.782000,0.386625,0.133483,-0.007791
0.788100,0.369251,0.139048,-0.020283
0.794200,0.350713,0.146901,-0.020018
0.800300,0.331966,0.160806,-0.030291
0.806400,0.313769,0.170674,-0.041834
0.812500,0.295885,0.175975,-0.054123
0.818600,0.276653,0.181269,-0.060261
0.824700,0.256609,0.197388,-0.072289
0.830800,0.256609,0.197388,-0.072289
0.836900,0.239113,0.200315,-0.081332
0.843000,0.199116,0.222251,-0.098972
0.849100,0.181358,0.225298,-0.110501
0.855200,0.160315,0.233113,-0.115330
0.861300,0.160315,0.233113,-0.115330
0.867400,0.139021,0.248320,-0.136140
0.873500,0.095707,0.254582,-0.159995
0.879600,0.073179,0.261752,-0.168724
0.885700,0.049540,0.263570,-0.188471
0.891800,0.026852,0.261494,-0.199727
0.897900,0.026852,0.261494,-0.199727
0.904000,-0.022863,0.261249,-0.229071
0.910100,-0.047945,0.252897,-0.248645
0.916200,-0.075271,0.237836,-0.258981
0.922300,-0.102962,0.207013,-0.279735
0.928400,-0.102962,0.207013,-0.279735
0.934500,-0.132777,0.183619,-0.299706
0.940600,-0.189526,0.107723,-0.319918
0.946700,-0.222998,0.075099,-0.332530
0.952800,-0.252186,0.022567,-0.344251
0.958900,-0.252186,0.022567,-0.344251
0.965000,-0.284770,-0.031276,-0.353586
0.971100,-0.345945,-0.133960,-0.349215
0.977200,-0.381899,-0.189322,-0.354420
0.983300,-0.419173,-0.252760,-0.338440
0.989400,-0.454252,-0.304033,-0.333311
0.995500,-0.454252,-0.304033,-0.333311
1.001600,-0.522649,-0.398378,-0.282609
1.007700,-0.557295,-0.443724,-0.268411
1.013800,-0.588763,-0.483872,-0.223578
1.019900,-0.618994,-0.513039,-0.193719
1.026000,-0.648898,-0.533864,-0.153679
1.032100,-0.674747,-0.559251,-0.105642
1.038200,-0.708829,-0.560168,-0.059233
1.044300,-0.742545,-0.547521,-0.002247
1.050400,-0.769375,-0.531529,0.047478
1.056500,-0.794602,-0.521761,0.098385
1.062600,-0.815473,-0.510422,0.141792
1.068700,-0.834455,-0.486656,0.188007
1.074800,-0.852969,-0.462028,0.231041
1.080900,-0.866476,-0.431182,0.277049
1.087000,-0.881357,-0.398763,0.324434
1.093100,-0.894083,-0.362798,0.365838
1.099200,-0.904855,-0.330443,0.412881
1.105300,-0.914719,-0.299967,0.449728
1.111400,-0.924338,-0.252006,0.488262
1.117500,-0.932689,-0.223480,0.522796
1.123600,-0.940661,-0.187990,0.558867
1.129700,-0.945608,-0.151494,0.581205
1.135800,-0.952581,-0.135133,0.613215
1.141900,-0.957364,-0.094105,0.630677
1.148000,-0.962256,-0.058696,0.659975
1.154100,-0.966374,-0.042966,0.676451
1.160200,-0.969975,-0.021616,0.692459
1.166300,-0.974235,0.001730,0.708512
1.172400,-0.976006,0.017227,0.721155
1.178500,-0.979515,0.029314,0.730828
1.184600,-0.981722,0.049938,0.745517
1.190700,-0.981722,0.049938,0.745517
1.196800,-0.984861,0.072323,0.756241
1.202900,-0.985975,0.082847,0.753462
1.209000,-0.988213,0.095647,0.760040
1.215100,-0.988462,0.098873,0.765308
1.221200,-0.989087,0.104372,0.764899
1.227300,-0.989858,0.110617,0.767602
1.233400,-0.989988,0.120511,0.762744
1.239500,-0.988961,0.121928,0.765962
1.245600,-0.989069,0.124486,0.760662
1.251700,-0.989323,0.132611,0.759800
1.257800,-0.987084,0.136674,0.755452
1.263900,-0.986590,0.143250,0.753168
1.270000,-0.984649,0.141303,0.745086
1.276100,-0.983676,0.151099,0.744146
1.282200,-0.981263,0.150551,0.736056
1.288300,-0.979928,0.153941,0.729388
1.294400,-0.977888,0.146931,0.728211
1.300500,-0.974461,0.157155,0.715505
1.306600,-0.971053,0.150910,0.709382
1.312700,-0.967925,0.155169,0.699864
1.318800,-0.964270,0.155325,0.695556
1.324900,-0.960351,0.153950,0.682304
1.331000,-0.956766,0.151433,0.676702
1.337100,-0.952328,0.155062,0.667986
1.343200,-0.947741,0.146043,0.654579
1.349300,-0.943498,0.151562,0.649811
1.355400,-0.937564,0.143077,0.635165
1.361500,-0.932705,0.148677,0.627120
1.367600,-0.927313,0.137126,0.616099
1.373700,-0.920727,0.142791,0.602826
1.379800,-0.914711,0.129626,0.594933
1.385900,-0.908724,0.126471,0.582134
1.392000,-0.902185,0.118014,0.568145
1.398100,-0.895452,0.117204,0.559058
1.404200,-0.888394,0.111145,0.545599
1.410300,-0.880814,0.105209,0.533356
1.416400,-0.874439,0.102190,0.521448
1.422500,-0.866942,0.092038,0.506123
1.428600,-0.859326,0.088759,0.490849
1.434700,-0.851444,0.080310,0.478601
1.440800,-0.843499,0.076800,0.464734
1.446900,-0.835371,0.072765,0.452641
1.453000,-0.827407,0.063963,0.436692
1.459100,-0.819450,0.061844,0.423539
1.465200,-0.811331,0.047827,0.404731
1.471300,-0.802682,0.041448,0.386329
1.477400,-0.794179,0.035669,0.373942
1.483500,-0.785955,0.025340,0.353067
1.489600,-0.777062,0.016296,0.335125
1.495700,-0.768409,0.003339,0.312304
1.501800,-0.760253,-0.011287,0.289705
1.507900,-0.751287,-0.015946,0.267368
1.514000,-0.742354,-0.029576,0.237856
1.520100,-0.734060,-0.032144,0.211328
1.526200,-0.724508,-0.045111,0.179012
1.532300,-0.715726,-0.051836,0.143504
1.538400,-0.706162,-0.060258,0.101615
1.544500,-0.684270,-0.076803,0.071134
1.550600,-0.648475,-0.076526,0.068233
1.556700,-0.614268,-0.082576,0.066009
1.562800,-0.580826,-0.082949,0.064359
1.568900,-0.548694,-0.083234,0.062304
1.575000,-0.517947,-0.087385,0.060731
1.581100,-0.517947,-0.087385,0.060731
1.587200,-0.459357,-0.089726,0.056993
1.593300,-0.431790,-0.092070,0.056135
1.599400,-0.431790,-0.092070,0.056135
1.605500,-0.380045,-0.097280,0.051992
1.611600,-0.380045,-0.097280,0.051992
1.617700,-0.332745,-0.097456,0.050776
1.623800,-0.310467,-0.097776,0.049583
1.629900,-0.310467,-0.097776,0.049583
1.636000,-0.269153,-0.100752,0.046955
1.642100,-0.269153,-0.100752,0.046955
1.648200,-0.231667,-0.098766,0.043920
1.654300,-0.214617,-0.101249,0.043555
1.660400,-0.214617,-0.101249,0.043555
1.666500,-0.181796,-0.098373,0.039336
1.672600,-0.181796,-0.098373,0.039336
1.678700,-0.152417,-0.096658,0.033421
1.684800,-0.152417,-0.096658,0.033421
1.690900,-0.125538,-0.087382,0.031660
1.697000,-0.112741,-0.087484,0.025914
1.703100,-0.112741,-0.087484,0.025914
1.709200,-0.088274,-0.073794,0.017645
1.715300,-0.088274,-0.073794,0.017645
1.721400,-0.062649,-0.053811,0.007489
1.727500,-0.048840,-0.052502,-0.000901
1.733600,-0.048840,-0.052502,-0.000901
1.739700,-0.012707,-0.013886,-0.013704
1.745800,-0.012707,-0.013886,-0.013704
1.751900,0.008871,0.029084,-0.025757
1.758000,0.017196,0.045142,-0.031746
1.764100,0.017196,0.045142,-0.031746
1.770200,0.031281,0.052263,-0.049299
1.776300,0.031281,0.052263,-0.049299
1.782400,0.044628,0.056938,-0.064630
1.788500,0.051071,0.058352,-0.066641
1.794600,0.051071,0.058352,-0.066641
1.800700,0.063853,0.062455,-0.072808
1.806800,0.063853,0.062455,-0.072808
1.812900,0.077168,0.060530,-0.082879
1.819000,0.084096,0.052734,-0.088522
1.825100,0.084096,0.052734,-0.088522
1.831200,0.098203,0.056297,-0.094120
1.837300,0.098203,0.056297,-0.094120
1.843400,0.112679,0.041584,-0.103389
1.849500,0.120009,0.038814,-0.107594
1.855600,0.120009,0.038814,-0.107594
1.861700,0.134661,0.031263,-0.112810
1.867800,0.134661,0.031263,-0.112810
1.873900,0.149249,0.030952,-0.112823
1.880000,0.156630,0.020630,-0.114131
1.886100,0.163335,0.030334,-0.112499
1.892200,0.170005,0.029375,-0.113572
1.898300,0.170005,0.029375,-0.113572
1.904400,0.182666,0.018551,-0.115071
1.910500,0.188898,0.004400,-0.115944
1.916600,0.194202,-0.010645,-0.121291
1.922700,0.198805,-0.020008,-0.121831
1.928800,0.198805,-0.020008,-0.121831
1.934900,0.172399,-0.005590,-0.138775
1.941000,0.154740,-0.034537,-0.149515
1.947100,0.136623,-0.066809,-0.151562
1.953200,0.118338,-0.101864,-0.159200
1.959300,0.099507,-0.125187,-0.171544
1.965400,0.081070,-0.142369,-0.188621
1.971500,0.060999,-0.147465,-0.195925
1.977600,0.040009,-0.140745,-0.193163
1.983700,0.017127,-0.128304,-0.188266
1.989800,0.017127,-0.128304,-0.188266
1.995900,-0.035832,-0.084589,-0.164645
2.002000,-0.067397,-0.071210,-0.149681
2.008100,-0.104805,-0.046959,-0.124784
2.014200,-0.150705,-0.013919,-0.103498
2.020300,-0.150705,-0.013919,-0.103498
2.026400,-0.211355,0.008833,-0.152753
2.032500,-0.207224,-0.045739,-0.190339
2.038600,-0.198072,-0.092937,-0.234127
2.044700,-0.183003,-0.145246,-0.281433
2.050800,-0.183003,-0.145246,-0.281433
2.056900,-0.109483,-0.399633,-0.548250
2.063000,-0.055120,-0.287983,-0.543462
2.069100,-0.037698,-0.233836,-0.404543
2.075200,-0.028796,-0.210223,-0.314613
2.081300,-0.023307,-0.205697,-0.254753
2.087400,-0.019705,-0.200267,-0.211494
2.093500,-0.017272,-0.187543,-0.179263
2.099600,-0.015637,-0.175960,-0.155366
2.105700,-0.013841,-0.161360,-0.134128
2.111800,-0.012977,-0.141003,-0.121844
2.117900,-0.012147,-0.128456,-0.112601
2.124000,-0.011350,-0.112607,-0.101197
2.130100,-0.010515,-0.090275,-0.088464
2.136200,-0.009764,-0.073557,-0.077348
2.142300,-0.009126,-0.065173,-0.072083
2.148400,-0.008469,-0.054818,-0.064852
2.154500,-0.007776,-0.043432,-0.058812
2.160600,-0.007055,-0.036745,-0.055067
2.166700,-0.006062,-0.025970,-0.051034
2.172800,-0.005309,-0.019165,-0.047370
2.178900,-0.004781,-0.015463,-0.044302
2.185000,-0.004354,-0.013266,-0.041450
2.191100,-0.004062,-0.010377,-0.038733
2.197200,-0.003731,-0.008543,-0.035933
2.203300,-0.003483,-0.007714,-0.033857
2.209400,-0.003304,-0.006443,-0.031633
2.215500,-0.003103,-0.005619,-0.029592
2.221600,-0.002963,-0.005267,-0.027989
2.227700,-0.002793,-0.004565,-0.026028
2.233800,-0.002652,-0.003876,-0.024596
2.239900,-0.002523,-0.003896,-0.023314
2.246000,-0.002395,-0.003663,-0.021902
2.252100,-0.002306,-0.003100,-0.020561
2.258200,-0.002215,-0.002891,-0.019476
2.264300,-0.002119,-0.002920,-0.018499
2.270400,-0.002046,-0.002741,-0.017382
2.276500,-0.001954,-0.002570,-0.016397
2.282600,-0.001869,-0.002620,-0.015689
2.288700,-0.001793,-0.002562,-0.014833
2.294800,-0.001737,-0.002369,-0.013980
2.300900,-0.001670,-0.002305,-0.013261
2.307000,-0.001605,-0.002366,-0.012649
2.313100,-0.001548,-0.002251,-0.012016
2.319200,-0.001487,-0.002153,-0.011409
2.325300,-0.001440,-0.002163,-0.010844
2.331400,-0.001396,-0.002115,-0.010392
2.337500,-0.001351,-0.002037,-0.009842
2.343600,-0.001311,-0.001961,-0.009372
2.349700,-0.001273,-0.001933,-0.008910
2.355800,-0.001218,-0.001968,-0.008531
2.361900,-0.001175,-0.001905,-0.008144
2.368000,-0.001139,-0.001857,-0.007774
2.374100,-0.001107,-0.001860,-0.007420
2.380200,-0.001073,-0.001832,-0.007095
2.386300,-0.001038,-0.001756,-0.006776
2.392400,-0.001010,-0.001710,-0.006475
2.398500,-0.000975,-0.001727,-0.006175
2.404600,-0.000937,-0.001735,-0.005944
2.410700,-0.000913,-0.001669,-0.005659
2.416800,-0.000888,-0.001606,-0.005422
2.422900,-0.000858,-0.001606,-0.005201
2.429000,-0.000833,-0.001583,-0.004987
2.435100,-0.000806,-0.001553,-0.004776
2.441200,-0.000782,-0.001527,-0.004583
2.447300,-0.000760,-0.001473,-0.004370
2.453400,-0.000738,-0.001448,-0.004215
2.459500,-0.000717,-0.001423,-0.004028
2.465600,-0.000717,-0.001423,-0.004028
2.471700,-0.000667,-0.001384,-0.003720
2.477800,-0.000667,-0.001384,-0.003720
2.483900,-0.000648,-0.001354,-0.003579
2.490000,-0.000606,-0.001310,-0.003305
2.496100,-0.000606,-0.001310,-0.003305
2.502200,-0.000565,-0.001273,-0.003054
2.508300,-0.000565,-0.001273,-0.003054
2.514400,-0.000545,-0.001245,-0.002922
2.520500,-0.000513,-0.001191,-0.002705
2.526600,-0.000513,-0.001191,-0.002705
2.532700,-0.000478,-0.001144,-0.002506
2.538800,-0.000478,-0.001144,-0.002506
2.544900,-0.000461,-0.001136,-0.002422
2.551000,-0.000429,-0.001086,-0.002252
2.557100,-0.000429,-0.001086,-0.002252
2.563200,-0.000404,-0.001022,-0.002074
2.569300,-0.000404,-0.001022,-0.002074
2.575400,-0.000390,-0.001011,-0.002000
2.581500,-0.000362,-0.000966,-0.001859
2.587600,-0.000362,-0.000966,-0.001859
2.593700,-0.000335,-0.000933,-0.001728
2.599800,-0.000335,-0.000933,-0.001728
2.605900,-0.000324,-0.000897,-0.001658
2.612000,-0.000300,-0.000860,-0.001548
2.618100,-0.000300,-0.000860,-0.001548
2.624200,-0.000275,-0.000830,-0.001440
2.630300,-0.000275,-0.000830,-0.001440
2.636400,-0.000252,-0.000792,-0.001341
2.642500,-0.000242,-0.000764,-0.001285
2.648600,-0.000242,-0.000764,-0.001285
2.654700,-0.000221,-0.000730,-0.001200
2.660800,-0.000221,-0.000730,-0.001200
2.666900,-0.000199,-0.000706,-0.001119
2.673000,-0.000191,-0.000680,-0.001077
2.679100,-0.000191,-0.000680,-0.001077
2.685200,-0.000171,-0.000654,-0.001003
2.691300,-0.000171,-0.000654,-0.001003
2.697400,-0.000152,-0.000625,-0.000935
2.703500,-0.000145,-0.000606,-0.000899
2.709600,-0.000145,-0.000606,-0.000899
2.715700,-0.000126,-0.000583,-0.000840
2.721800,-0.000118,-0.000565,-0.000810
2.727900,-0.000109,-0.000552,-0.000777
2.734000,-0.000101,-0.000539,-0.000753
2.740100,-0.000094,-0.000524,-0.000727
2.746200,-0.000085,-0.000516,-0.000700
2.752300,-0.000077,-0.000503,-0.000677
2.758400,-0.000070,-0.000490,-0.000656
2.764500,-0.000063,-0.000474,-0.000631
2.770600,-0.000055,-0.000465,-0.000609
2.776700,-0.000048,-0.000458,-0.000591
2.782800,-0.000041,-0.000445,-0.000569
2.788900,-0.000034,-0.000435,-0.000549
2.795000,-0.000028,-0.000421,-0.000532
2.801100,-0.000021,-0.000414,-0.000513
2.807200,-0.000015,-0.000402,-0.000495
2.813300,-0.000008,-0.000393,-0.000478
2.819400,-0.000002,-0.000384,-0.000462
2.825500,0.000004,-0.000376,-0.000447
2.831600,0.000010,-0.000368,-0.000433
2.837700,0.000016,-0.000356,-0.000418
2.843800,0.000021,-0.000348,-0.000404
2.849900,0.000027,-0.000342,-0.000391
2.856000,0.000033,-0.000334,-0.000378
2.862100,0.000038,-0.000324,-0.000366
2.868200,0.000043,-0.000318,-0.000354
2.874300,0.000043,-0.000318,-0.000354
2.880400,0.000053,-0.000302,-0.000330
2.886500,0.000058,-0.000293,-0.000320
2.892600,0.000063,-0.000287,-0.000310
2.898700,0.000068,-0.000281,-0.000300
2.904800,0.000068,-0.000281,-0.000300
2.910900,0.000078,-0.000269,-0.000281
2.917000,0.000082,-0.000262,-0.000272
2.923100,0.000087,-0.000256,-0.000263
2.929200,0.000091,-0.000251,-0.000255
2.935300,0.000091,-0.000251,-0.000255
2.941400,0.000100,-0.000240,-0.000238
2.947500,0.000104,-0.000235,-0.000230
2.953600,0.000108,-0.000230,-0.000223
2.959700,0.000112,-0.000225,-0.000215
2.965800,0.000112,-0.000225,-0.000215
2.971900,0.000119,-0.000217,-0.000201
2.978000,0.000123,-0.000213,-0.000194
2.984100,0.000126,-0.000209,-0.000187
2.990200,0.000130,-0.000205,-0.000181
2.996300,0.000130,-0.000205,-0.000181
3.002400,0.000137,-0.000198,-0.000168
3.008500,0.000140,-0.000195,-0.000163
3.014600,0.000143,-0.000192,-0.000158
3.020700,0.000143,-0.000192,-0.000158
3.026800,0.000143,-0.000192,-0.000158
3.032900,0.000143,-0.000192,-0.000158
3.039000,0.000143,-0.000192,-0.000158
3.045100,0.000143,-0.000192,-0.000158
3.051200,0.000143,-0.000192,-0.000158
3.057300,0.000143,-0.000192,-0.000158
3.063400,0.000143,-0.000192,-0.000158
3.069500,0.000143,-0.000192,-0.000158
3.075600,0.000143,-0.000192,-0.000158
3.081700,0.000143,-0.000192,-0.000158
3.087800,0.000143,-0.000192,-0.000158
3.093900,0.000143,-0.000192,-0.000158
3.100000,0.000143,-0.000192,-0.000158
